100
4 2
5 2
6 2
1000 1000
1000 1
999999 475712
999999 499999
2 2
792265 711951
1000000 500000
1000000 475713
932253 714654
2 1
999999 128
272741 262150
451135 450747
1 1
999999 262143
500000 237856
338173 280630
1000000 1000000
630071 552970
500000 2
1000000 524288
500000 191053
940075 756066
1000000 511823
1000000 262143
1000000 999999
1000000 499999
500000 128
999999 999999
4 1
999999 499998
500000 262143
766197 682199
3 2
999999 262144
505986 422521
999999 127
999999 518830
1000000 2
544116 507966
1000000 128
676268 604662
500000 127
500000 499999
537395 520525
760482 577561
999999 2
727876 600250
1000000 323297
999999 1
778818 773562
500000 131072
999999 475711
500000 250000
500000 249999
999999 349870
3 1
1000000 499998
653018 576175
685044 602891
999999 524287
341214 328588
590414 471941
330500 270070
788853 764389
1000000 524287
318478 312721
430038 336114
500000 500000
999999 999998
1000000 1
500000 131071
748370 590947
522368 434251
1000000 127
500000 255276
966637 778151
559650 477896
500000 249998
363117 290755
500000 237857
429386 392349
819552 814149
1000000 262144
999999 499997
672913 586423
536876 410604
808738 764075
586423 444467
500000 262144
318919 282623
439876 377534
383845 311157
999999 524288
500000 1
5 1
1000000 475712
