100
4 4
1.4000
0.5000 0.7000 0.8000 0.6000
2 2
1.0000
0.0000 0.0000
2 2
0.0000
0.9000 0.8000
2 2
0.1000
0.4000 0.5000
45 45
23.8930
0.5945 0.1601 0.6029 0.7072 0.5951 0.8867 0.0420 0.0751 0.7310 0.0566 0.2059 0.5686 0.9000 0.3863 0.8371 0.2048 0.7923 0.8625 0.5972 0.1307 0.0454 0.2722 0.1165 0.2452 0.3914 0.3357 0.1171 0.1277 0.3968 0.5713 0.0970 0.4834 0.9764 0.1623 0.0518 0.2029 0.3678 0.0647 0.3892 0.9990 0.1884 0.2952 0.7740 0.2901 0.7198
46 46
17.3046
0.9433 0.9605 0.2278 0.4274 0.2367 0.7680 0.2500 0.2785 0.1512 0.7115 0.9359 0.2020 0.7888 0.8092 0.6019 0.5552 0.5443 0.5434 0.0219 0.5072 0.6134 0.4592 0.6710 0.3340 0.7155 0.6051 0.0691 0.7389 0.9985 0.9450 0.5415 0.0753 0.1235 0.9230 0.3330 0.2657 0.4170 0.9902 0.0726 0.9168 0.5945 0.2225 0.0203 0.5655 0.7720 0.4052
47 47
2.2784
0.6641 0.1370 0.9042 0.0708 0.1028 0.8193 0.1305 0.7958 0.7586 0.5519 0.6852 0.7939 0.1539 0.9917 0.8489 0.1902 0.4923 0.9460 0.1427 0.9770 0.1259 0.6483 0.8419 0.0239 0.8840 0.1005 0.3084 0.3635 0.1664 0.9056 0.8278 0.4495 0.4354 0.3364 0.7511 0.8156 0.3553 0.6506 0.2346 0.6587 0.1637 0.5550 0.3204 0.9963 0.2816 0.6562 0.1277
50 50
0.0000
0.8700 0.8700 0.8700 0.8700 0.8700 0.8700 0.8700 0.8700 0.8700 0.8700 0.8700 0.8700 0.8700 0.8700 0.8700 0.8700 0.8700 0.8700 0.8700 0.8700 0.8700 0.8700 0.8700 0.8700 0.8700 0.8700 0.8700 0.8700 0.8700 0.8700 0.8700 0.8700 0.8700 0.8700 0.8700 0.8700 0.8700 0.8700 0.8700 0.8700 0.8700 0.8700 0.8700 0.8700 0.8700 0.8700 0.8700 0.8700 0.8700 0.8700
47 47
0.5837
0.7335 0.3602 0.6586 0.2916 0.7167 0.7741 0.4740 0.5064 0.4096 0.7012 0.7970 0.5956 0.2756 0.5373 0.4499 0.9137 0.8177 0.7619 0.3950 0.3682 0.8463 0.2637 0.1291 0.6131 0.9160 0.8207 0.1457 0.5603 0.5646 0.0304 0.0082 0.8283 0.0343 0.6696 0.3793 0.8003 0.9918 0.6048 0.6248 0.8738 0.5026 0.4186 0.8867 0.2976 0.7999 0.3154 0.1213
45 45
16.9431
0.7498 0.4017 0.6406 0.9166 0.0902 0.0709 0.7832 0.1227 0.4527 0.4133 0.6895 0.9704 0.1611 0.1798 0.1148 0.0399 0.5746 0.8577 0.3252 0.7781 0.3898 0.7259 0.9121 0.7231 0.7350 0.8106 0.4437 0.4680 0.8788 0.8551 0.9245 0.1181 0.6018 0.2227 0.8135 0.5714 0.5555 0.7166 0.1931 0.1999 0.0904 0.3328 0.2594 0.7790 0.8697
50 50
0.0000
0.8765 0.8765 0.8765 0.8765 0.8765 0.8765 0.8765 0.8765 0.8765 0.8765 0.8765 0.8765 0.8765 0.8765 0.8765 0.8765 0.8765 0.8765 0.8765 0.8765 0.8765 0.8765 0.8765 0.8765 0.8765 0.8765 0.8765 0.8765 0.8765 0.8765 0.8765 0.8765 0.8765 0.8765 0.8765 0.8765 0.8765 0.8765 0.8765 0.8765 0.8765 0.8765 0.8765 0.8765 0.8765 0.8765 0.8765 0.8765 0.8765 0.8765
46 46
17.8376
0.1377 0.3413 0.2096 0.2469 0.8820 0.0490 0.1162 0.6644 0.2497 0.4349 0.9148 0.7629 0.9488 0.8198 0.0661 0.3444 0.6350 0.8778 0.8597 0.0366 0.6816 0.0390 0.4109 0.4935 0.5516 0.0187 0.7288 0.7704 0.3212 0.6322 0.2582 0.3079 0.9966 0.5079 0.1286 0.6870 0.0451 0.9735 0.5877 0.8565 0.8692 0.5628 0.9093 0.0904 0.6424 0.7748
49 49
2.2603
0.3106 0.5352 0.1679 0.7444 0.8561 0.7932 0.1762 0.9229 0.7481 0.8491 0.4266 0.8691 0.4795 0.1329 0.3850 0.5095 0.6873 0.5509 0.8354 0.7064 0.7809 0.6942 0.4856 0.7213 0.7001 0.2831 0.4606 0.0706 0.6125 0.3545 0.4581 0.2368 0.5337 0.2017 0.8378 0.7961 0.6857 0.0852 0.5154 0.5347 0.7694 0.6047 0.2062 0.2235 0.1160 0.0739 0.2869 0.4379 0.5165
47 47
16.2864
0.8204 0.7722 0.1587 0.7838 0.3475 0.0978 0.8154 0.2627 0.5698 0.5928 0.8168 0.7000 0.9635 0.1985 0.2737 0.7357 0.9163 0.4202 0.8879 0.1834 0.6518 0.3774 0.6623 0.4728 0.9603 0.4255 0.8419 0.3948 0.5715 0.8804 0.0465 0.5264 0.0750 0.9059 0.6699 0.4362 0.7226 0.8533 0.9193 0.6452 0.0458 0.3394 0.9638 0.3512 0.7746 0.6460 0.3961
50 50
20.1489
0.8050 0.2407 0.2414 0.9005 0.9363 0.9555 0.3280 0.7327 0.2505 0.7071 0.3930 0.6885 0.7695 0.8805 0.5294 0.9039 0.1912 0.2416 0.3812 0.8314 0.6683 0.7655 0.9549 0.7480 0.2524 0.6963 0.1573 0.3574 0.4449 0.1961 0.4935 0.3042 0.6501 0.6608 0.9335 0.0367 0.3510 0.6636 0.2403 0.2487 0.2769 0.6991 0.4921 0.2783 0.6916 0.3491 0.7533 0.5074 0.7054 0.3182
2 2
0.3333
0.0000 0.0000
50 50
16.8050
0.7224 0.7332 0.6192 0.4675 0.4431 0.1691 0.1752 0.1503 0.4260 0.4711 0.4257 0.4134 0.9711 0.0710 0.8587 0.1622 0.8069 0.4376 0.0133 0.5826 0.2815 0.6598 0.8569 0.4174 0.3774 0.2277 0.7834 0.5139 0.4160 0.7578 0.4957 0.7531 0.8833 0.3757 0.5901 0.4386 0.2382 0.5914 0.9652 0.6780 0.6556 0.4642 0.3967 0.8729 0.5345 0.0211 0.2115 0.6570 0.0968 0.4877
50 50
1.0000
0.3333 0.3333 0.3333 0.3333 0.3333 0.3333 0.3333 0.3333 0.3333 0.3333 0.3333 0.3333 0.3333 0.3333 0.3333 0.3333 0.3333 0.3333 0.3333 0.3333 0.3333 0.3333 0.3333 0.3333 0.3333 0.3333 0.3333 0.3333 0.3333 0.3333 0.3333 0.3333 0.3333 0.3333 0.3333 0.3333 0.3333 0.3333 0.3333 0.3333 0.3333 0.3333 0.3333 0.3333 0.3333 0.3333 0.3333 0.3333 0.3333 0.3333
50 50
50.0000
0.0000 0.0000 0.0000 0.0000 0.0000 0.0000 0.0000 0.0000 0.0000 0.0000 0.0000 0.0000 0.0000 0.0000 0.0000 0.0000 0.0000 0.0000 0.0000 0.0000 0.0000 0.0000 0.0000 0.0000 0.0000 0.0000 0.0000 0.0000 0.0000 0.0000 0.0000 0.0000 0.0000 0.0000 0.0000 0.0000 0.0000 0.0000 0.0000 0.0000 0.0000 0.0000 0.0000 0.0000 0.0000 0.0000 0.0000 0.0000 0.0000 0.0000
47 47
19.9118
0.7316 0.4054 0.2554 0.9753 0.9154 0.2303 0.2983 0.9125 0.0166 0.7039 0.4215 0.8497 0.3482 0.1738 0.3951 0.3106 0.3430 0.5277 0.1074 0.6203 0.6213 0.3949 0.0381 0.7665 0.2833 0.2352 0.6676 0.8026 0.2177 0.1304 0.1986 0.8819 0.3245 0.0720 0.2200 0.4106 0.6416 0.2806 0.7015 0.9186 0.3587 0.8169 0.6081 0.2142 0.8113 0.3405 0.3222
50 50
0.0000
0.9999 0.9999 0.9999 0.9999 0.9999 0.9999 0.9999 0.9999 0.9999 0.9999 0.9999 0.9999 0.9999 0.9999 0.9999 0.9999 0.9999 0.9999 0.9999 0.9999 0.9999 0.9999 0.9999 0.9999 0.9999 0.9999 0.9999 0.9999 0.9999 0.9999 0.9999 0.9999 0.9999 0.9999 0.9999 0.9999 0.9999 0.9999 0.9999 0.9999 0.9999 0.9999 0.9999 0.9999 0.9999 0.9999 0.9999 0.9999 0.9999 0.9999
1 1
0.5000
0.5000
48 48
22.4441
0.2519 0.0845 0.7473 0.1533 0.2328 0.9218 0.3862 0.9111 0.6699 0.2138 0.1018 0.4074 0.3409 0.3139 0.2382 0.5261 0.1509 0.7900 0.5247 0.9388 0.0635 0.7903 0.6188 0.1746 0.2943 0.1171 0.9929 0.1545 0.1165 0.4693 0.8544 0.8409 0.6572 0.0342 0.1852 0.4366 0.6978 0.4630 0.5161 0.3533 0.2959 0.1941 0.3266 0.0137 0.7745 0.9827 0.4084 0.2004
50 50
0.0000
0.3333 0.3333 0.3333 0.3333 0.3333 0.3333 0.3333 0.3333 0.3333 0.3333 0.3333 0.3333 0.3333 0.3333 0.3333 0.3333 0.3333 0.3333 0.3333 0.3333 0.3333 0.3333 0.3333 0.3333 0.3333 0.3333 0.3333 0.3333 0.3333 0.3333 0.3333 0.3333 0.3333 0.3333 0.3333 0.3333 0.3333 0.3333 0.3333 0.3333 0.3333 0.3333 0.3333 0.3333 0.3333 0.3333 0.3333 0.3333 0.3333 0.3333
46 46
14.8839
0.3788 0.0172 0.8364 0.3768 0.2874 0.9822 0.2024 0.7775 0.0705 0.5475 0.5074 0.0680 0.7440 0.5254 0.5246 0.2029 0.5586 0.5211 0.7069 0.9339 0.3615 0.5776 0.2584 0.4578 0.7065 0.7444 0.2476 0.7840 0.3579 0.4662 0.7668 0.7425 0.5628 0.6755 0.4734 0.6421 0.6646 0.8237 0.2692 0.5085 0.2118 0.4113 0.6055 0.8457 0.6629 0.7804
46 46
16.6960
0.0462 0.4993 0.7339 0.5321 0.3379 0.4418 0.5972 0.0078 0.6958 0.1886 0.3511 0.2554 0.2540 0.2172 0.4274 0.9271 0.7291 0.1796 0.5202 0.9110 0.7906 0.3758 0.2366 0.7984 0.3866 0.8950 0.9329 0.7072 0.5884 0.6590 0.1427 0.5368 0.5494 0.7169 0.9333 0.6267 0.3172 0.7283 0.1417 0.7983 0.6935 0.7721 0.8809 0.4352 0.2715 0.4540
48 48
19.6877
0.1132 0.5283 0.5598 0.3893 0.9965 0.0072 0.7145 0.3841 0.6752 0.9640 0.5892 0.5409 0.4911 0.4120 0.1499 0.4945 0.0865 0.5025 0.6910 0.5863 0.0486 0.2434 0.5422 0.1850 0.4166 0.0895 0.1760 0.1723 0.6706 0.1503 0.7979 0.5361 0.7418 0.5772 0.4447 0.9142 0.7853 0.6906 0.6782 0.0273 0.6528 0.9067 0.4209 0.2398 0.1071 0.4342 0.4664 0.3615
2 2
0.0000
1.0000 1.0000
48 48
17.1483
0.9945 0.6957 0.3251 0.5001 0.6809 0.2364 0.6935 0.6292 0.3994 0.3453 0.5458 0.2968 0.2678 0.3700 0.3177 0.4343 0.7794 0.4689 0.0642 0.6819 0.4842 0.5887 0.8258 0.5626 0.2610 0.9798 0.0074 0.3865 0.2214 0.3379 0.0633 0.2896 0.7849 0.9502 0.6252 0.0705 0.9020 0.7324 0.8236 0.2371 0.6871 0.4878 0.9767 0.1708 0.4076 0.8255 0.8305 0.7557
50 50
0.6901
0.8764 0.5160 0.1224 0.8265 0.2187 0.6196 0.6759 0.0863 0.7287 0.6986 0.2443 0.6915 0.3724 0.1090 0.8733 0.1842 0.2108 0.7742 0.5109 0.5983 0.1761 0.7744 0.3483 0.2215 0.0932 0.7951 0.3337 0.3303 0.1546 0.8928 0.9438 0.2665 0.9641 0.0857 0.5154 0.0507 0.3158 0.2791 0.9318 0.7205 0.6598 0.7255 0.9926 0.7417 0.8091 0.2683 0.8871 0.0539 0.0770 0.3512
1 1
0.3333
0.0000
48 48
20.0877
0.9142 0.1021 0.9496 0.5008 0.3411 0.3576 0.2330 0.3162 0.2202 0.5751 0.2520 0.5989 0.7446 0.1535 0.7510 0.6170 0.3374 0.0123 0.9479 0.0553 0.8504 0.6619 0.2413 0.8880 0.4805 0.0834 0.5408 0.5628 0.6081 0.4673 0.9505 0.1837 0.8928 0.0313 0.9762 0.7392 0.0952 0.9663 0.5482 0.5012 0.1675 0.7851 0.2912 0.0013 0.9561 0.2800 0.6871 0.2188
50 50
19.2934
0.9443 0.9472 0.3379 0.2849 0.6763 0.1367 0.9536 0.8156 0.1959 0.4508 0.8633 0.6261 0.6842 0.0426 0.7170 0.2578 0.1004 0.0454 0.2712 0.0052 0.3470 0.0318 0.3254 0.3617 0.7852 0.9484 0.6687 0.5144 0.4628 0.0622 0.7388 0.3423 0.5475 0.5719 0.3392 0.0157 0.7194 0.7080 0.8708 0.5816 0.7398 0.3667 0.5918 0.7739 0.7764 0.6747 0.9419 0.1307 0.5429 0.4925
45 45
15.7176
0.5816 0.0137 0.8250 0.6745 0.9740 0.8453 0.3124 0.7639 0.2981 0.4462 0.0386 0.1481 0.4695 0.5462 0.9057 0.8871 0.0328 0.0522 0.4847 0.1013 0.6361 0.1263 0.0142 0.2607 0.3208 0.0428 0.3752 0.6876 0.4366 0.5254 0.3996 0.4024 0.6369 0.4826 0.7558 0.9244 0.6656 0.5249 0.9066 0.8156 0.6524 0.1558 0.6104 0.6316 0.2788
50 50
16.3543
0.8570 0.4510 0.4292 0.2936 0.5052 0.1426 0.0948 0.7119 0.3468 0.3711 0.0807 0.4345 0.0236 0.0774 0.8603 0.3649 0.0647 0.6519 0.6918 0.2171 0.6046 0.9489 0.9572 0.6941 0.5261 0.0520 0.9344 0.6946 0.8637 0.1382 0.0571 0.7829 0.9123 0.9150 0.0364 0.9803 0.7499 0.8256 0.8449 0.5781 0.9497 0.2547 0.0848 0.9964 0.7031 0.7575 0.0097 0.1360 0.4466 0.6927
48 48
23.8390
0.8920 0.5591 0.8810 0.3359 0.3770 0.3163 0.8761 0.1309 0.9185 0.1498 0.2967 0.1774 0.5679 0.0177 0.2750 0.0780 0.2328 0.6581 0.1753 0.0334 0.1751 0.6661 0.4785 0.4829 0.5481 0.1851 0.2485 0.9139 0.7939 0.0171 0.6373 0.1752 0.6220 0.0824 0.0806 0.6583 0.2560 0.1504 0.7005 0.7124 0.8965 0.8147 0.2624 0.4832 0.5415 0.9120 0.7564 0.8021
50 50
19.4077
0.8271 0.8203 0.0781 0.1635 0.4587 0.4819 0.7612 0.6973 0.4598 0.8976 0.5469 0.7132 0.2318 0.5103 0.3933 0.0529 0.4500 0.9299 0.4219 0.5678 0.0464 0.2576 0.3673 0.4001 0.9695 0.3476 0.9341 0.6402 0.8321 0.5973 0.2067 0.4405 0.8901 0.0183 0.8060 0.9949 0.7664 0.3936 0.3384 0.3926 0.2971 0.6964 0.4809 0.5993 0.7081 0.6364 0.8190 0.9335 0.0981 0.1387
50 50
0.0000
1.0000 1.0000 1.0000 1.0000 1.0000 1.0000 1.0000 1.0000 1.0000 1.0000 1.0000 1.0000 1.0000 1.0000 1.0000 1.0000 1.0000 1.0000 1.0000 1.0000 1.0000 1.0000 1.0000 1.0000 1.0000 1.0000 1.0000 1.0000 1.0000 1.0000 1.0000 1.0000 1.0000 1.0000 1.0000 1.0000 1.0000 1.0000 1.0000 1.0000 1.0000 1.0000 1.0000 1.0000 1.0000 1.0000 1.0000 1.0000 1.0000 1.0000
45 45
19.4889
0.2046 0.3140 0.7627 0.8866 0.2833 0.4901 0.7839 0.3389 0.1571 0.1569 0.7157 0.1347 0.1842 0.7828 0.9330 0.1343 0.7882 0.1662 0.5574 0.9800 0.3142 0.7327 0.7958 0.4836 0.2454 0.2148 0.0029 0.9613 0.2736 0.9988 0.0144 0.0367 0.3859 0.0667 0.9671 0.6441 0.2769 0.8343 0.1578 0.9181 0.0300 0.9285 0.1634 0.1986 0.4364
50 50
19.2095
0.8177 0.9374 0.9396 0.3091 0.0652 0.5426 0.8357 0.2899 0.9114 0.0874 0.1359 0.5715 0.6473 0.8959 0.8594 0.2444 0.6285 0.8246 0.7240 0.2767 0.1699 0.5811 0.9272 0.2163 0.3860 0.7929 0.2155 0.5466 0.6338 0.6313 0.9310 0.1814 0.9321 0.1582 0.3653 0.3736 0.8999 0.0247 0.2779 0.3126 0.4990 0.9005 0.3656 0.4389 0.2009 0.4638 0.7915 0.4654 0.7596 0.7004
50 50
22.1723
0.7606 0.7651 0.3038 0.1000 0.6536 0.9140 0.4786 0.2185 0.5782 0.5168 0.6022 0.6275 0.0548 0.1387 0.8811 0.2984 0.6831 0.0257 0.1486 0.7233 0.3283 0.6778 0.1481 0.0208 0.3688 0.8651 0.1083 0.8128 0.0261 0.3701 0.9951 0.0131 0.6930 0.3594 0.3029 0.1644 0.7783 0.4497 0.2706 0.1015 0.7936 0.1410 0.0129 0.1488 0.2943 0.2638 0.7733 0.5060 0.4342 0.1376
46 46
18.1003
0.0773 0.7665 0.4602 0.1851 0.1170 0.5954 0.4104 0.3079 0.0482 0.3930 0.4801 0.7441 0.4749 0.6495 0.9838 0.5361 0.4033 0.6061 0.7200 0.3071 0.0210 0.2312 0.9607 0.0840 0.7761 0.4285 0.6280 0.7279 0.5045 0.2579 0.2979 0.6824 0.3920 0.6546 0.0651 0.5154 0.1496 0.2653 0.8122 0.1672 0.0152 0.3685 0.8693 0.4209 0.7949 0.6833
49 49
17.2653
0.2582 0.9905 0.1427 0.3434 0.9444 0.9326 0.8486 0.8895 0.0392 0.7627 0.4210 0.3258 0.7334 0.0367 0.1477 0.3086 0.4031 0.7667 0.5009 0.6285 0.5544 0.1868 0.8071 0.4556 0.3361 0.5255 0.0062 0.1323 0.2690 0.9743 0.3710 0.4272 0.4428 0.4789 0.9920 0.7481 0.7038 0.9710 0.6759 0.9937 0.7837 0.5009 0.4036 0.5632 0.5776 0.0303 0.5340 0.5854 0.8478
45 45
23.7635
0.0805 0.3635 0.1114 0.4416 0.8161 0.3224 0.2757 0.6967 0.8649 0.8465 0.6805 0.3410 0.1270 0.0851 0.0991 0.8007 0.5323 0.3912 0.4713 0.5553 0.9771 0.7331 0.0564 0.3849 0.5930 0.6309 0.2710 0.0363 0.0054 0.0607 0.1755 0.7075 0.1042 0.2300 0.0730 0.7891 0.4218 0.4554 0.5083 0.0622 0.6943 0.8279 0.1949 0.3440 0.9332
47 47
17.7336
0.0160 0.4590 0.9635 0.9773 0.1318 0.0946 0.5465 0.6387 0.6508 0.8093 0.0924 0.2055 0.9213 0.5662 0.6095 0.5972 0.9880 0.7794 0.1786 0.0619 0.7114 0.0985 0.7977 0.1198 0.6729 0.7520 0.1283 0.2132 0.4554 0.3530 0.0410 0.2387 0.6480 0.1950 0.0622 0.1644 0.0338 0.3281 0.0230 0.4226 0.9134 0.4567 0.8385 0.7877 0.5176 0.7308 0.1794
50 50
16.6441
0.0252 0.4216 0.0653 0.9848 0.8979 0.9710 0.3565 0.4366 0.5551 0.3465 0.8659 0.8089 0.2151 0.0986 0.9183 0.6341 0.4847 0.3386 0.1617 0.2509 0.4215 0.4526 0.4297 0.1392 0.1120 0.3514 0.9807 0.8693 0.6647 0.2888 0.1811 0.4978 0.4851 0.8082 0.8438 0.0702 0.9553 0.5366 0.8299 0.7532 0.4575 0.5167 0.2830 0.6747 0.2599 0.9558 0.7252 0.6473 0.9021 0.0329
50 50
0.0000
0.0000 0.0000 0.0000 0.0000 0.0000 0.0000 0.0000 0.0000 0.0000 0.0000 0.0000 0.0000 0.0000 0.0000 0.0000 0.0000 0.0000 0.0000 0.0000 0.0000 0.0000 0.0000 0.0000 0.0000 0.0000 0.0000 0.0000 0.0000 0.0000 0.0000 0.0000 0.0000 0.0000 0.0000 0.0000 0.0000 0.0000 0.0000 0.0000 0.0000 0.0000 0.0000 0.0000 0.0000 0.0000 0.0000 0.0000 0.0000 0.0000 0.0000
46 46
13.9942
0.7724 0.4656 0.9503 0.0769 0.4122 0.6186 0.7972 0.5005 0.0057 0.2143 0.7279 0.5759 0.7855 0.8830 0.8034 0.7574 0.6227 0.9403 0.4860 0.9714 0.7780 0.7966 0.9245 0.3018 0.8261 0.3970 0.5060 0.0158 0.1846 0.9245 0.8247 0.6782 0.2961 0.6176 0.0091 0.5330 0.8595 0.3177 0.7412 0.7187 0.9440 0.1505 0.1255 0.9039 0.1289 0.0667
48 48
16.7822
0.4960 0.7250 0.3916 0.4683 0.4855 0.1006 0.2092 0.3884 0.8501 0.9295 0.5217 0.6614 0.9443 0.4480 0.3996 0.2524 0.6276 0.0649 0.3608 0.5191 0.3333 0.7934 0.6915 0.7131 0.4950 0.3333 0.4949 0.2304 0.4601 0.9213 0.0204 0.8236 0.2593 0.4392 0.1864 0.0328 0.5577 0.4888 0.0793 0.9773 0.9295 0.2052 0.5610 0.6622 0.6955 0.5204 0.5643 0.0812
48 48
21.2922
0.0924 0.9601 0.3143 0.7711 0.1081 0.3118 0.4847 0.0044 0.6097 0.5371 0.2895 0.5566 0.9767 0.7679 0.4014 0.0446 0.5945 0.3262 0.3818 0.4834 0.6320 0.5109 0.5902 0.0833 0.0269 0.1286 0.0496 0.9712 0.6936 0.5412 0.9187 0.1396 0.2502 0.9332 0.9629 0.2038 0.5989 0.3916 0.9258 0.2342 0.8407 0.9114 0.2995 0.0181 0.9879 0.9770 0.9066 0.7891
49 49
19.1295
0.3912 0.4543 0.0482 0.4004 0.6233 0.0152 0.6635 0.8460 0.4665 0.8673 0.2898 0.0143 0.9524 0.4250 0.3009 0.7821 0.4065 0.2755 0.1044 0.3905 0.2076 0.9838 0.6432 0.9310 0.8297 0.6288 0.5397 0.5136 0.5362 0.1838 0.0687 0.9109 0.1149 0.3004 0.9440 0.3286 0.5518 0.0113 0.7033 0.7809 0.7695 0.1492 0.2433 0.6546 0.5607 0.5852 0.8995 0.8031 0.3917
46 46
16.0083
0.0479 0.1350 0.8490 0.5644 0.5316 0.5704 0.5540 0.8435 0.1627 0.2182 0.0159 0.6139 0.9519 0.8340 0.7240 0.2661 0.5595 0.2654 0.8869 0.1533 0.2882 0.2613 0.2230 0.7017 0.2820 0.4276 0.9336 0.9852 0.4357 0.7583 0.1981 0.2674 0.3119 0.3195 0.6983 0.1641 0.7053 0.4139 0.7882 0.5992 0.5489 0.5495 0.9521 0.2846 0.4774 0.3143
47 47
14.9486
0.6095 0.2450 0.7728 0.5511 0.2073 0.8669 0.5131 0.3940 0.1064 0.6737 0.6202 0.2464 0.1158 0.9018 0.0138 0.8568 0.4685 0.9929 0.3427 0.6929 0.4665 0.8008 0.9114 0.5299 0.9468 0.0640 0.9705 0.7856 0.3434 0.7538 0.4807 0.8837 0.8010 0.5290 0.9604 0.5091 0.6945 0.6040 0.6260 0.1947 0.4475 0.5932 0.9677 0.0284 0.2308 0.5859 0.0737
48 48
22.3612
0.7752 0.1577 0.6752 0.7030 0.0560 0.4879 0.3819 0.1304 0.1116 0.4967 0.8090 0.5260 0.4254 0.7944 0.5331 0.3602 0.1309 0.0571 0.7491 0.3690 0.6175 0.3155 0.0821 0.1018 0.4407 0.6181 0.9933 0.9540 0.3203 0.5397 0.9934 0.5258 0.4393 0.4842 0.2681 0.7898 0.7117 0.2354 0.4739 0.2612 0.0710 0.3909 0.5404 0.0888 0.4877 0.7344 0.0409 0.0663
50 50
22.5415
0.5217 0.5582 0.9303 0.8473 0.4994 0.4526 0.0251 0.9701 0.2626 0.0530 0.1139 0.3934 0.3975 0.1192 0.9580 0.9399 0.4634 0.2137 0.0889 0.1479 0.6929 0.2231 0.9787 0.7181 0.5855 0.1017 0.4226 0.1923 0.2362 0.4675 0.0301 0.2152 0.4255 0.2205 0.6904 0.7258 0.5189 0.9690 0.8092 0.6386 0.9388 0.4616 0.0476 0.9004 0.0703 0.5994 0.2255 0.3786 0.3063 0.1328
47 47
18.9923
0.5653 0.0656 0.5718 0.5621 0.2362 0.7963 0.7251 0.4275 0.3249 0.2117 0.8582 0.9020 0.8137 0.7474 0.3497 0.7487 0.2485 0.0536 0.1801 0.7533 0.1114 0.6140 0.1385 0.3853 0.1088 0.2291 0.4324 0.2565 0.5057 0.1045 0.4870 0.6280 0.1829 0.7474 0.4318 0.8101 0.4752 0.6709 0.8143 0.5371 0.4909 0.4219 0.5558 0.6816 0.8432 0.3183 0.9573
50 50
0.0050
0.9999 0.9999 0.9999 0.9999 0.9999 0.9999 0.9999 0.9999 0.9999 0.9999 0.9999 0.9999 0.9999 0.9999 0.9999 0.9999 0.9999 0.9999 0.9999 0.9999 0.9999 0.9999 0.9999 0.9999 0.9999 0.9999 0.9999 0.9999 0.9999 0.9999 0.9999 0.9999 0.9999 0.9999 0.9999 0.9999 0.9999 0.9999 0.9999 0.9999 0.9999 0.9999 0.9999 0.9999 0.9999 0.9999 0.9999 0.9999 0.9999 0.9999
45 45
18.7273
0.5590 0.7631 0.3606 0.2632 0.3178 0.0718 0.6078 0.3423 0.3561 0.5848 0.5477 0.8154 0.6988 0.7997 0.6928 0.5021 0.8832 0.9859 0.1723 0.2940 0.0238 0.4801 0.7920 0.6743 0.2746 0.8463 0.9016 0.8203 0.8537 0.9676 0.1429 0.8626 0.6620 0.1143 0.4773 0.0764 0.0396 0.8746 0.9741 0.7552 0.1177 0.7645 0.3946 0.0914 0.4961
48 48
18.2654
0.7792 0.7271 0.6982 0.7967 0.8871 0.7444 0.1934 0.4261 0.2879 0.6845 0.2082 0.9402 0.0611 0.1489 0.4009 0.0520 0.7569 0.9734 0.6410 0.4570 0.9448 0.5887 0.7875 0.0525 0.5999 0.8329 0.3853 0.4002 0.3701 0.6937 0.1444 0.1878 0.2011 0.5508 0.6553 0.8177 0.5951 0.3249 0.3517 0.8153 0.9659 0.8678 0.8179 0.6130 0.3524 0.4444 0.6050 0.0486
48 48
24.6441
0.3557 0.7070 0.3806 0.6872 0.2183 0.6123 0.3615 0.9788 0.1725 0.0946 0.5611 0.0238 0.6035 0.8386 0.3478 0.8124 0.7946 0.1657 0.6774 0.1800 0.7500 0.0977 0.3596 0.7912 0.4676 0.5993 0.6404 0.5516 0.1271 0.1490 0.6715 0.5006 0.9222 0.7868 0.0821 0.3904 0.7265 0.0491 0.6652 0.3586 0.0774 0.0992 0.2579 0.6068 0.0617 0.7607 0.7369 0.3773
50 50
33.3350
0.3333 0.3333 0.3333 0.3333 0.3333 0.3333 0.3333 0.3333 0.3333 0.3333 0.3333 0.3333 0.3333 0.3333 0.3333 0.3333 0.3333 0.3333 0.3333 0.3333 0.3333 0.3333 0.3333 0.3333 0.3333 0.3333 0.3333 0.3333 0.3333 0.3333 0.3333 0.3333 0.3333 0.3333 0.3333 0.3333 0.3333 0.3333 0.3333 0.3333 0.3333 0.3333 0.3333 0.3333 0.3333 0.3333 0.3333 0.3333 0.3333 0.3333
46 46
14.5661
0.6858 0.9656 0.5511 0.6887 0.6301 0.6518 0.8043 0.7402 0.5441 0.8710 0.6009 0.8395 0.5780 0.4065 0.2616 0.5318 0.7817 0.2136 0.5216 0.0788 0.5777 0.3683 0.3326 0.0334 0.9984 0.0324 0.4236 0.7291 0.3450 0.1449 0.6166 0.8666 0.0401 0.8594 0.3000 0.9062 0.2453 0.4407 0.6954 0.4391 0.6000 0.0111 0.6336 0.4159 0.7094 0.7301
48 48
22.6655
0.7204 0.0226 0.3834 0.6823 0.1417 0.1273 0.0421 0.2749 0.5398 0.1764 0.6177 0.2419 0.5804 0.0058 0.0176 0.2269 0.5675 0.5215 0.0067 0.4491 0.5550 0.8693 0.4896 0.8756 0.1354 0.5764 0.1343 0.9174 0.9634 0.9893 0.1044 0.7334 0.3314 0.3919 0.9960 0.4081 0.5434 0.8886 0.4600 0.6218 0.5218 0.7532 0.3910 0.3799 0.7236 0.7358 0.0288 0.0010
47 47
16.2952
0.0750 0.8115 0.5968 0.4469 0.9170 0.3388 0.8788 0.8125 0.7639 0.3326 0.6082 0.9271 0.4335 0.8164 0.5626 0.8380 0.0188 0.0880 0.6355 0.0975 0.4065 0.4185 0.7092 0.6485 0.3789 0.9528 0.3041 0.2755 0.8174 0.2659 0.9374 0.4811 0.1463 0.6908 0.8757 0.1010 0.9252 0.1232 0.3594 0.9536 0.9230 0.1421 0.4569 0.9492 0.2495 0.7819 0.6832
47 47
15.5967
0.1132 0.6544 0.9851 0.9442 0.5243 0.3434 0.8976 0.0478 0.8162 0.2884 0.2338 0.3880 0.5102 0.5510 0.8578 0.1004 0.0532 0.6936 0.7843 0.6913 0.1262 0.4853 0.4595 0.0201 0.8368 0.8513 0.7740 0.9670 0.3239 0.9187 0.6583 0.9902 0.1524 0.4432 0.6695 0.7702 0.3963 0.4319 0.7231 0.5386 0.5866 0.5411 0.2003 0.9579 0.3723 0.1011 0.0784
1 1
0.3333
0.5000
46 46
18.5705
0.7482 0.9263 0.9105 0.3423 0.0079 0.4826 0.4372 0.8320 0.6952 0.5998 0.4542 0.1519 0.0949 0.7891 0.1399 0.7226 0.1737 0.7796 0.1368 0.1151 0.9653 0.7623 0.3368 0.1929 0.8553 0.0209 0.9769 0.6638 0.4068 0.4042 0.0696 0.8435 0.7650 0.2339 0.0119 0.7674 0.6330 0.2475 0.4617 0.9200 0.0797 0.1618 0.8284 0.0134 0.4294 0.8475
47 47
21.5837
0.2936 0.4986 0.1193 0.1171 0.5277 0.3004 0.0720 0.2935 0.7795 0.5922 0.1833 0.1172 0.5209 0.1743 0.9191 0.8518 0.4326 0.5278 0.4960 0.5481 0.7950 0.5444 0.5651 0.9210 0.6114 0.0323 0.1064 0.9534 0.9601 0.0269 0.1057 0.0879 0.8268 0.4565 0.4144 0.3191 0.9828 0.2727 0.6889 0.3981 0.6267 0.5077 0.2190 0.0848 0.3080 0.1126 0.5547
47 47
22.1791
0.1412 0.6216 0.7678 0.6218 0.0025 0.2062 0.3022 0.4980 0.3805 0.0327 0.3572 0.4588 0.9515 0.6084 0.9895 0.0656 0.8451 0.6377 0.5903 0.4842 0.8332 0.4066 0.5012 0.0549 0.3227 0.7433 0.1937 0.2290 0.8671 0.2004 0.8527 0.6833 0.0221 0.6982 0.4493 0.0534 0.3532 0.2689 0.3350 0.1518 0.8717 0.3156 0.3445 0.6940 0.6121 0.9108 0.2129
50 50
1.0000
0.0000 0.0000 0.0000 0.0000 0.0000 0.0000 0.0000 0.0000 0.0000 0.0000 0.0000 0.0000 0.0000 0.0000 0.0000 0.0000 0.0000 0.0000 0.0000 0.0000 0.0000 0.0000 0.0000 0.0000 0.0000 0.0000 0.0000 0.0000 0.0000 0.0000 0.0000 0.0000 0.0000 0.0000 0.0000 0.0000 0.0000 0.0000 0.0000 0.0000 0.0000 0.0000 0.0000 0.0000 0.0000 0.0000 0.0000 0.0000 0.0000 0.0000
45 45
16.2711
0.6081 0.9139 0.0010 0.5704 0.8063 0.1800 0.5042 0.8569 0.8660 0.9951 0.2728 0.4867 0.7275 0.8463 0.4551 0.9554 0.5356 0.0051 0.5379 0.5456 0.7674 0.7551 0.9207 0.9834 0.0790 0.0341 0.4342 0.2632 0.0156 0.9601 0.1353 0.7725 0.0058 0.3042 0.5366 0.7828 0.4572 0.4251 0.9238 0.2885 0.4789 0.4967 0.3476 0.7420 0.4297
4 4
1.3999
0.5000 0.6000 0.7000 0.8000
48 48
15.9299
0.9223 0.4495 0.1396 0.2510 0.5088 0.8764 0.7361 0.9479 0.3257 0.5388 0.1498 0.6002 0.6181 0.2592 0.6052 0.2345 0.3282 0.7165 0.7654 0.4272 0.7312 0.0975 0.8195 0.4606 0.9237 0.6647 0.4687 0.2728 0.5137 0.9759 0.8780 0.1117 0.4075 0.8141 0.0860 0.6949 0.1564 0.2998 0.8298 0.8793 0.8448 0.3277 0.3262 0.9001 0.7725 0.3453 0.6206 0.7061
49 49
14.4593
0.3162 0.4569 0.9234 0.2545 0.9620 0.8823 0.6531 0.1528 0.0981 0.2644 0.6155 0.9773 0.9447 0.1618 0.1885 0.8756 0.8484 0.9986 0.0946 0.9539 0.3239 0.7919 0.8712 0.5873 0.4828 0.9209 0.9392 0.7651 0.3465 0.4652 0.6278 0.2441 0.4424 0.2438 0.1480 0.6330 0.9608 0.6315 0.3178 0.8319 0.8253 0.2743 0.3003 0.8881 0.3611 0.8651 0.5045 0.1348 0.4365
4 4
0.0001
0.0000 0.0000 0.0000 0.0000
50 50
18.5918
0.2336 0.5641 0.8454 0.7074 0.9630 0.0756 0.5382 0.5194 0.4885 0.0435 0.6094 0.7600 0.7299 0.7171 0.6173 0.2604 0.7540 0.4075 0.2146 0.5539 0.2310 0.5065 0.8898 0.7540 0.4679 0.9812 0.2476 0.1720 0.3932 0.3345 0.6428 0.2492 0.9874 0.6125 0.0838 0.6478 0.9019 0.0740 0.7864 0.7564 0.0951 0.3632 0.3788 0.9411 0.6243 0.0218 0.7942 0.1311 0.6211 0.6221
50 50
23.3150
0.9789 0.3421 0.4163 0.5497 0.5627 0.1066 0.2229 0.0319 0.9453 0.6467 0.7648 0.4689 0.9325 0.9730 0.3347 0.7647 0.2905 0.9559 0.7388 0.6328 0.2922 0.3139 0.6404 0.9880 0.0186 0.6462 0.1506 0.6740 0.5511 0.0662 0.5752 0.8285 0.6822 0.3159 0.2021 0.1900 0.3979 0.9203 0.5059 0.4456 0.3303 0.9815 0.3607 0.0774 0.2514 0.5558 0.9038 0.5555 0.7148 0.5847
2 2
0.3333
0.5000 0.5000
46 46
17.9831
0.5966 0.0695 0.2077 0.8855 0.9197 0.0104 0.4795 0.9824 0.7604 0.2006 0.3400 0.4360 0.0803 0.2808 0.8656 0.9947 0.8023 0.6962 0.4994 0.1425 0.8300 0.9219 0.7744 0.5448 0.1584 0.8307 0.7772 0.5957 0.0153 0.3128 0.0615 0.4111 0.0394 0.3845 0.9349 0.9812 0.8166 0.6421 0.5640 0.1858 0.2415 0.4273 0.9753 0.9021 0.7746 0.3128
50 50
21.7961
0.3356 0.7254 0.3367 0.0680 0.3756 0.6976 0.2165 0.3147 0.3823 0.6183 0.7886 0.5704 0.0061 0.7526 0.5166 0.9290 0.9000 0.6642 0.5383 0.3340 0.5735 0.0051 0.1478 0.3661 0.4837 0.7506 0.6076 0.8189 0.1972 0.2246 0.4341 0.1106 0.7543 0.7651 0.1110 0.3705 0.4849 0.4931 0.7682 0.0108 0.9741 0.5479 0.7011 0.6337 0.6554 0.6317 0.2646 0.1343 0.5098 0.0989
46 46
18.2543
0.6306 0.3185 0.6117 0.1463 0.7297 0.7740 0.2119 0.9839 0.8610 0.8260 0.1277 0.6324 0.8940 0.1190 0.6464 0.6912 0.1637 0.4588 0.5457 0.1183 0.5803 0.3427 0.6882 0.6802 0.0873 0.0263 0.4216 0.5416 0.3815 0.1152 0.4542 0.1377 0.2703 0.6587 0.5134 0.4379 0.5886 0.5575 0.8410 0.0362 0.6678 0.5496 0.9072 0.6773 0.1688 0.9305
48 48
17.7269
0.8463 0.1977 0.7318 0.1357 0.9380 0.9603 0.1730 0.5418 0.4025 0.0192 0.5432 0.5608 0.7053 0.5939 0.0230 0.4622 0.2138 0.4292 0.1634 0.5499 0.0538 0.2151 0.9509 0.7242 0.1499 0.9957 0.5413 0.2552 0.8466 0.7428 0.5910 0.3841 0.6572 0.3382 0.7515 0.4011 0.7902 0.7511 0.2772 0.4043 0.7881 0.8745 0.8095 0.2816 0.4345 0.3306 0.7785 0.8256
1 1
0.0000
1.0000
50 50
0.0049
0.9999 0.9999 0.9999 0.9999 0.9999 0.9999 0.9999 0.9999 0.9999 0.9999 0.9999 0.9999 0.9999 0.9999 0.9999 0.9999 0.9999 0.9999 0.9999 0.9999 0.9999 0.9999 0.9999 0.9999 0.9999 0.9999 0.9999 0.9999 0.9999 0.9999 0.9999 0.9999 0.9999 0.9999 0.9999 0.9999 0.9999 0.9999 0.9999 0.9999 0.9999 0.9999 0.9999 0.9999 0.9999 0.9999 0.9999 0.9999 0.9999 0.9999
50 50
20.1789
0.2142 0.4352 0.2803 0.5728 0.7947 0.7946 0.1922 0.8233 0.9373 0.5845 0.1343 0.8439 0.6891 0.5420 0.6413 0.6235 0.1063 0.9607 0.7975 0.1562 0.2052 0.6967 0.9205 0.3597 0.4571 0.6640 0.6422 0.0445 0.7106 0.9313 0.9010 0.6203 0.2541 0.0152 0.6655 0.9759 0.9887 0.8517 0.3354 0.2288 0.1439 0.3178 0.5297 0.8807 0.3227 0.6798 0.3201 0.9739 0.4444 0.2650
48 48
18.6918
0.2417 0.9916 0.7457 0.5474 0.3917 0.9506 0.4812 0.4582 0.9646 0.6760 0.2230 0.9547 0.3488 0.4256 0.6699 0.2834 0.2937 0.4231 0.4344 0.0522 0.8370 0.6768 0.4898 0.7557 0.3968 0.4042 0.6071 0.1748 0.4619 0.2930 0.6282 0.2885 0.1839 0.4560 0.0558 0.5058 0.4204 0.8225 0.0511 0.5920 0.1510 0.6557 0.8174 0.3849 0.6865 0.0161 0.6443 0.6506
47 47
16.6178
0.7006 0.5864 0.1632 0.9229 0.1227 0.0136 0.6412 0.4245 0.5741 0.0659 0.4136 0.2062 0.6670 0.7107 0.6421 0.1243 0.1181 0.3549 0.9970 0.7441 0.4109 0.6609 0.7305 0.6325 0.0901 0.0628 0.4691 0.7086 0.3625 0.4247 0.8786 0.8707 0.7031 0.4351 0.8738 0.6090 0.9980 0.7024 0.5188 0.4541 0.7636 0.0139 0.5240 0.3442 0.1392 0.3144 0.5917
47 47
18.0240
0.4808 0.6970 0.6040 0.5734 0.1816 0.3938 0.4643 0.8317 0.3201 0.8623 0.5293 0.8874 0.0994 0.1816 0.9225 0.9686 0.3190 0.2320 0.3965 0.3418 0.1190 0.9315 0.9479 0.5841 0.1711 0.0348 0.0016 0.7805 0.0041 0.8688 0.4548 0.0604 0.0050 0.8935 0.9914 0.7433 0.9437 0.1285 0.8003 0.3856 0.5728 0.4668 0.1800 0.6887 0.3739 0.9077 0.9076
49 49
22.8850
0.6177 0.2687 0.8900 0.3673 0.1406 0.9033 0.8237 0.8052 0.1468 0.4966 0.5130 0.0559 0.7175 0.4605 0.8229 0.4743 0.9605 0.8217 0.3523 0.8125 0.3152 0.3545 0.0636 0.1587 0.3044 0.9876 0.8401 0.5844 0.1253 0.2464 0.7943 0.3027 0.6866 0.7324 0.5856 0.6703 0.3919 0.0127 0.9476 0.0892 0.8336 0.5917 0.5989 0.5652 0.4863 0.3452 0.0022 0.6722 0.8260
46 46
18.2950
0.0503 0.6587 0.6986 0.5634 0.9760 0.6336 0.0105 0.7787 0.3253 0.8424 0.8281 0.0620 0.7797 0.4051 0.6656 0.0646 0.9581 0.0408 0.9145 0.1458 0.7751 0.4025 0.3064 0.5697 0.3504 0.3679 0.8655 0.1228 0.3661 0.5963 0.1599 0.8227 0.3371 0.0650 0.3103 0.4978 0.6023 0.3762 0.8715 0.3081 0.0596 0.2290 0.2370 0.3370 0.9771 0.1744
49 49
21.4581
0.2657 0.9560 0.3480 0.9043 0.9790 0.7510 0.2002 0.1925 0.8468 0.3648 0.2087 0.1184 0.2290 0.3054 0.5836 0.9003 0.6493 0.9847 0.2149 0.0678 0.2383 0.2373 0.3333 0.4531 0.0879 0.2541 0.5296 0.7788 0.1047 0.5618 0.1859 0.3493 0.0164 0.5459 0.2068 0.4040 0.0681 0.3169 0.4908 0.1496 0.8664 0.4758 0.8559 0.0481 0.4107 0.8355 0.5544 0.5892 0.8528
49 49
20.3134
0.0347 0.6287 0.1164 0.2526 0.7764 0.4788 0.6932 0.4675 0.2499 0.3176 0.0464 0.3043 0.1482 0.7377 0.9669 0.0285 0.9697 0.6657 0.8866 0.5548 0.7194 0.6477 0.9925 0.3588 0.5568 0.7271 0.3271 0.1467 0.4855 0.6623 0.3567 0.5726 0.4250 0.0744 0.0770 0.2308 0.9284 0.7198 0.6634 0.9653 0.7856 0.8340 0.7373 0.0459 0.0691 0.0003 0.2430 0.7310 0.0794
1 1
1.0000
0.0000
48 48
20.3412
0.1910 0.3307 0.9342 0.1361 0.1765 0.5566 0.1519 0.2113 0.3885 0.8650 0.1297 0.6390 0.8319 0.6668 0.4786 0.7572 0.2957 0.0419 0.8069 0.1858 0.2303 0.1040 0.6699 0.8855 0.3545 0.2910 0.3781 0.6116 0.1076 0.6536 0.4652 0.6969 0.8119 0.6143 0.5147 0.3551 0.2632 0.1861 0.3119 0.5182 0.9948 0.9879 0.0425 0.0477 0.3429 0.3104 0.1632 0.2531
50 50
15.2070
0.2883 0.4105 0.6913 0.7838 0.6189 0.8489 0.6391 0.3388 0.4522 0.7933 0.2077 0.1721 0.6037 0.9934 0.8585 0.2227 0.9666 0.6677 0.2668 0.7510 0.4608 0.8912 0.8485 0.6968 0.0300 0.2516 0.1741 0.3509 0.4226 0.0449 0.5200 0.7240 0.5829 0.7607 0.8056 0.0897 0.8138 0.5359 0.5409 0.7276 0.5378 0.4161 0.7841 0.8785 0.0069 0.8726 0.7647 0.7346 0.1869 0.5260
2 2
0.5000
0.5000 0.5000
45 45
15.1744
0.3737 0.8373 0.7899 0.0394 0.7851 0.2381 0.5894 0.7727 0.5350 0.4863 0.9751 0.7141 0.6058 0.9693 0.4251 0.1596 0.4801 0.1440 0.4308 0.4468 0.5331 0.3895 0.6050 0.3726 0.6338 0.8736 0.9297 0.5749 0.1346 0.8534 0.1172 0.0574 0.9185 0.6282 0.9678 0.7112 0.9102 0.5417 0.9366 0.0742 0.6566 0.9611 0.5987 0.2678 0.6152
48 48
20.4723
0.6704 0.8921 0.2866 0.9716 0.0801 0.3241 0.9785 0.0460 0.0984 0.6690 0.4640 0.2765 0.6228 0.5593 0.0885 0.7711 0.6592 0.0878 0.0973 0.4955 0.9786 0.5198 0.6928 0.5457 0.0183 0.2107 0.7314 0.9576 0.8960 0.3646 0.9539 0.4976 0.2518 0.6200 0.2261 0.3986 0.1684 0.2549 0.2461 0.9214 0.9165 0.5843 0.3845 0.3943 0.2980 0.8173 0.0168 0.1863
45 45
3.5904
0.3655 0.7398 0.3448 0.4031 0.3880 0.5679 0.2414 0.7248 0.5776 0.3085 0.8075 0.3233 0.2692 0.6697 0.6942 0.8268 0.3252 0.5221 0.4568 0.3324 0.1272 0.7715 0.9111 0.4581 0.8945 0.1720 0.4465 0.1018 0.3028 0.3308 0.7976 0.4820 0.1824 0.5127 0.3892 0.4520 0.7122 0.2361 0.4654 0.4244 0.1036 0.1847 0.8465 0.9563 0.4972
49 49
17.7459
0.1729 0.6832 0.8098 0.7759 0.7207 0.4877 0.7527 0.1643 0.6930 0.1749 0.3746 0.5263 0.3038 0.1813 0.1505 0.7544 0.9034 0.2229 0.1378 0.3175 0.4510 0.4914 0.9493 0.3034 0.8483 0.4169 0.7671 0.6732 0.2773 0.6942 0.3670 0.1480 0.5352 0.0760 0.2052 0.3011 0.7706 0.6319 0.9134 0.6681 0.5488 0.1821 0.9791 0.2351 0.3885 0.6067 0.5714 0.1328 0.3070
