5
4 4
1.4000
0.5000 0.7000 0.8000 0.6000
2 2
1.0000
0.0000 0.0000
2 2
0.0000
0.9000 0.8000
2 2
0.1000
0.4000 0.5000
48 48
18.7451
0.4469 0.0052 0.0370 0.5080 0.8340 0.3386 0.9220 0.1258 0.5906 0.7144 0.8582 0.1488 0.0552 0.8531 0.5354 0.3600 0.8645 0.2678 0.3034 0.1597 0.0072 0.5345 0.0568 0.5496 0.3185 0.7112 0.5051 0.3529 0.7716 0.4728 0.3429 0.2796 0.0549 0.0296 0.5732 0.0415 0.4152 0.7736 0.8534 0.6293 0.1941 0.5424 0.0363 0.5913 0.9474 0.3725 0.7730 0.9755
2 2
0.3333
0.0000 0.0000
50 50
17.8034
0.8042 0.7707 0.1815 0.0600 0.2209 0.1059 0.0672 0.9434 0.1832 0.3726 0.3509 0.5897 0.3842 0.1617 0.8465 0.4514 0.8275 0.4645 0.0561 0.4174 0.2253 0.6753 0.8290 0.4610 0.2884 0.1040 0.3304 0.4709 0.3003 0.6808 0.8712 0.5405 0.9767 0.9229 0.7123 0.8639 0.8487 0.3632 0.5588 0.4352 0.5287 0.0261 0.0192 0.6666 0.1128 0.6907 0.5520 0.2555 0.7282 0.3756
50 50
18.1014
0.2997 0.0608 0.1785 0.7377 0.3594 0.9939 0.4655 0.6130 0.1690 0.4439 0.7547 0.8723 0.7947 0.0473 0.1351 0.8637 0.4164 0.2981 0.8102 0.2148 0.8029 0.4501 0.0832 0.5634 0.6045 0.8577 0.4940 0.1047 0.7754 0.6207 0.7149 0.3041 0.8499 0.6936 0.0397 0.5272 0.4060 0.6330 0.6398 0.3325 0.6998 0.4259 0.2235 0.3274 0.8027 0.4558 0.7350 0.8506 0.1545 0.3694
50 50
0.0000
0.0000 0.0000 0.0000 0.0000 0.0000 0.0000 0.0000 0.0000 0.0000 0.0000 0.0000 0.0000 0.0000 0.0000 0.0000 0.0000 0.0000 0.0000 0.0000 0.0000 0.0000 0.0000 0.0000 0.0000 0.0000 0.0000 0.0000 0.0000 0.0000 0.0000 0.0000 0.0000 0.0000 0.0000 0.0000 0.0000 0.0000 0.0000 0.0000 0.0000 0.0000 0.0000 0.0000 0.0000 0.0000 0.0000 0.0000 0.0000 0.0000 0.0000
45 45
16.2666
0.8144 0.9178 0.4600 0.3711 0.6858 0.6553 0.5324 0.5721 0.8944 0.4763 0.0156 0.4574 0.9055 0.9335 0.7889 0.5111 0.6715 0.3537 0.0187 0.5532 0.8511 0.8784 0.1360 0.9890 0.3457 0.1492 0.1925 0.4932 0.2802 0.5953 0.7478 0.0860 0.1913 0.6876 0.6412 0.4741 0.8601 0.2218 0.6168 0.9643 0.5826 0.0831 0.5945 0.8983 0.5859
49 49
17.9982
0.6191 0.3620 0.3079 0.4706 0.7833 0.7842 0.1443 0.6258 0.0365 0.3037 0.1144 0.2532 0.4606 0.4094 0.2292 0.0878 0.1697 0.4793 0.7208 0.2241 0.6242 0.9942 0.0967 0.5857 0.4522 0.5632 0.8575 0.1295 0.8229 0.6183 0.1812 0.6643 0.1069 0.6172 0.3127 0.3123 0.7382 0.6983 0.1111 0.3508 0.6238 0.8171 0.0882 0.1216 0.3874 0.7112 0.4929 0.7072 0.7609
1 1
1.0000
0.0000
47 47
17.3657
0.9182 0.8453 0.6078 0.9606 0.4646 0.4498 0.0182 0.1802 0.1183 0.8977 0.9370 0.5393 0.2155 0.6920 0.0317 0.0532 0.8925 0.7644 0.1394 0.7877 0.5819 0.7975 0.3129 0.1806 0.5895 0.7404 0.9289 0.8468 0.8976 0.1129 0.4104 0.5076 0.3346 0.4674 0.8415 0.8577 0.0339 0.3837 0.9637 0.6662 0.4168 0.0021 0.4209 0.1540 0.1058 0.7553 0.7364
47 47
20.0509
0.1338 0.3080 0.1636 0.4961 0.7723 0.7721 0.3030 0.7236 0.4306 0.8817 0.0315 0.7728 0.2190 0.6695 0.1351 0.5531 0.2295 0.9135 0.2466 0.9484 0.0598 0.1882 0.2715 0.5301 0.9276 0.1225 0.3488 0.2295 0.4800 0.0166 0.8898 0.8676 0.5145 0.4656 0.4747 0.0553 0.1357 0.4978 0.3312 0.4312 0.5948 0.6857 0.7325 0.0687 0.4931 0.4408 0.5412
50 50
12.9906
0.8926 0.1526 0.9577 0.6383 0.8012 0.5840 0.7153 0.1988 0.4268 0.7189 0.3501 0.7883 0.9353 0.9866 0.3973 0.9349 0.5876 0.9216 0.4926 0.8165 0.5776 0.0651 0.8150 0.3095 0.2324 0.9936 0.5348 0.9634 0.1478 0.8335 0.0323 0.8504 0.9769 0.7316 0.7584 0.9616 0.5627 0.2671 0.7994 0.4153 0.5761 0.2282 0.7635 0.3254 0.7308 0.9512 0.4950 0.7010 0.0172 0.9753
50 50
0.0000
0.9999 0.9999 0.9999 0.9999 0.9999 0.9999 0.9999 0.9999 0.9999 0.9999 0.9999 0.9999 0.9999 0.9999 0.9999 0.9999 0.9999 0.9999 0.9999 0.9999 0.9999 0.9999 0.9999 0.9999 0.9999 0.9999 0.9999 0.9999 0.9999 0.9999 0.9999 0.9999 0.9999 0.9999 0.9999 0.9999 0.9999 0.9999 0.9999 0.9999 0.9999 0.9999 0.9999 0.9999 0.9999 0.9999 0.9999 0.9999 0.9999 0.9999
1 1
0.3333
0.0000
48 48
16.3908
0.9074 0.9523 0.5966 0.5867 0.8092 0.2911 0.5795 0.2373 0.8507 0.0352 0.9580 0.9499 0.7514 0.6500 0.5378 0.2403 0.4530 0.4993 0.2858 0.7942 0.8159 0.0578 0.5399 0.0099 0.4450 0.8525 0.6254 0.1408 0.1681 0.3710 0.2165 0.4702 0.4899 0.2794 0.7972 0.5033 0.5551 0.0508 0.5067 0.7854 0.9636 0.6054 0.7651 0.2902 0.2423 0.4650 0.9801 0.2072
50 50
18.3076
0.7790 0.8685 0.7286 0.9053 0.1169 0.6245 0.6521 0.9350 0.2072 0.3858 0.4971 0.8234 0.1613 0.9083 0.2087 0.6360 0.0440 0.3208 0.6442 0.2924 0.2874 0.2814 0.7826 0.1589 0.0030 0.4015 0.3222 0.2884 0.2198 0.5832 0.5525 0.4211 0.3662 0.7786 0.9950 0.3760 0.0425 0.6122 0.6177 0.9150 0.2026 0.4022 0.8296 0.9649 0.4081 0.8677 0.0129 0.7997 0.8423 0.3248
46 46
14.9902
0.8636 0.6249 0.9020 0.1253 0.9129 0.2293 0.4007 0.8067 0.7455 0.2743 0.8049 0.6495 0.9651 0.2618 0.2522 0.9022 0.7029 0.5763 0.5278 0.9537 0.2839 0.1838 0.3629 0.5473 0.1236 0.7103 0.5211 0.6913 0.6904 0.3929 0.4395 0.8840 0.0973 0.5095 0.8530 0.7427 0.1793 0.2757 0.6593 0.0658 0.3260 0.9231 0.1888 0.0717 0.0483 0.7230
50 50
0.0000
1.0000 1.0000 1.0000 1.0000 1.0000 1.0000 1.0000 1.0000 1.0000 1.0000 1.0000 1.0000 1.0000 1.0000 1.0000 1.0000 1.0000 1.0000 1.0000 1.0000 1.0000 1.0000 1.0000 1.0000 1.0000 1.0000 1.0000 1.0000 1.0000 1.0000 1.0000 1.0000 1.0000 1.0000 1.0000 1.0000 1.0000 1.0000 1.0000 1.0000 1.0000 1.0000 1.0000 1.0000 1.0000 1.0000 1.0000 1.0000 1.0000 1.0000
50 50
0.0000
0.8700 0.8700 0.8700 0.8700 0.8700 0.8700 0.8700 0.8700 0.8700 0.8700 0.8700 0.8700 0.8700 0.8700 0.8700 0.8700 0.8700 0.8700 0.8700 0.8700 0.8700 0.8700 0.8700 0.8700 0.8700 0.8700 0.8700 0.8700 0.8700 0.8700 0.8700 0.8700 0.8700 0.8700 0.8700 0.8700 0.8700 0.8700 0.8700 0.8700 0.8700 0.8700 0.8700 0.8700 0.8700 0.8700 0.8700 0.8700 0.8700 0.8700
46 46
16.1606
0.3139 0.7634 0.5470 0.7158 0.9947 0.0981 0.4698 0.4456 0.5009 0.8765 0.3348 0.9160 0.8498 0.1924 0.1840 0.2636 0.0328 0.0476 0.4845 0.2647 0.2111 0.3224 0.1544 0.2265 0.5600 0.2666 0.0296 0.4169 0.0543 0.2373 0.6731 0.8414 0.4827 0.7232 0.3740 0.9409 0.6957 0.6449 0.7871 0.8736 0.5541 0.5859 0.7211 0.0174 0.6565 0.6659
49 49
21.8007
0.2839 0.0015 0.2287 0.9617 0.2846 0.2473 0.3938 0.6617 0.6536 0.2441 0.5025 0.9090 0.4968 0.8516 0.5044 0.2647 0.7475 0.0268 0.0456 0.2301 0.1363 0.1875 0.5665 0.6539 0.8307 0.3940 0.2349 0.5111 0.4493 0.4540 0.6891 0.6256 0.3223 0.9007 0.1600 0.1620 0.0040 0.5457 0.9062 0.4946 0.2658 0.8078 0.9950 0.8130 0.0572 0.9383 0.1334 0.1416 0.0877
45 45
14.0134
0.2491 0.1241 0.8491 0.9148 0.6502 0.2155 0.3758 0.8616 0.4914 0.5086 0.4567 0.0113 0.4662 0.3762 0.9346 0.6700 0.9718 0.5965 0.5779 0.3198 0.7523 0.1810 0.5762 0.4804 0.5662 0.3056 0.1765 0.6943 0.9412 0.7676 0.6367 0.7505 0.9590 0.0418 0.7194 0.6013 0.5459 0.2909 0.6087 0.9846 0.8671 0.6994 0.7107 0.2645 0.5738
47 47
20.1763
0.7060 0.3072 0.4731 0.1261 0.0332 0.5713 0.3628 0.8226 0.4495 0.3603 0.2313 0.9316 0.0849 0.1691 0.9443 0.1236 0.8950 0.4885 0.6098 0.6793 0.2107 0.4143 0.1548 0.6118 0.8790 0.7745 0.1362 0.3192 0.3820 0.0200 0.1381 0.2498 0.9559 0.6298 0.9352 0.1330 0.4477 0.6069 0.6749 0.1983 0.1262 0.2107 0.6650 0.4204 0.0652 0.6298 0.5923
49 49
18.1926
0.8281 0.5411 0.3228 0.3921 0.5472 0.2638 0.6298 0.3299 0.5036 0.8557 0.7428 0.0335 0.3386 0.5772 0.2322 0.7325 0.1334 0.5920 0.5366 0.6358 0.9986 0.2170 0.5223 0.7111 0.3577 0.1343 0.1446 0.7765 0.1464 0.1942 0.5877 0.4578 0.3862 0.0391 0.1703 0.5211 0.0467 0.9235 0.1116 0.2551 0.8108 0.2586 0.9595 0.7775 0.8913 0.7552 0.5171 0.8386 0.7114
47 47
13.3508
0.7205 0.9738 0.7565 0.7916 0.5103 0.5663 0.3059 0.5631 0.8300 0.6019 0.0008 0.6867 0.2778 0.4397 0.9900 0.8657 0.2736 0.9749 0.4495 0.0196 0.6506 0.3039 0.8461 0.4621 0.9395 0.7212 0.6470 0.8075 0.6831 0.6929 0.0260 0.0019 0.3165 0.3539 0.4849 0.4943 0.4415 0.2536 0.9988 0.8376 0.9907 0.1211 0.0006 0.9551 0.6368 0.9725 0.8052
50 50
0.0000
0.8765 0.8765 0.8765 0.8765 0.8765 0.8765 0.8765 0.8765 0.8765 0.8765 0.8765 0.8765 0.8765 0.8765 0.8765 0.8765 0.8765 0.8765 0.8765 0.8765 0.8765 0.8765 0.8765 0.8765 0.8765 0.8765 0.8765 0.8765 0.8765 0.8765 0.8765 0.8765 0.8765 0.8765 0.8765 0.8765 0.8765 0.8765 0.8765 0.8765 0.8765 0.8765 0.8765 0.8765 0.8765 0.8765 0.8765 0.8765 0.8765 0.8765
46 46
17.7016
0.1562 0.3804 0.0420 0.1495 0.9080 0.7643 0.9417 0.8948 0.4065 0.5306 0.8467 0.5988 0.6420 0.0449 0.6623 0.9701 0.7243 0.8888 0.0620 0.9849 0.4024 0.8498 0.4952 0.9555 0.6229 0.2292 0.0004 0.2401 0.5817 0.9802 0.1530 0.6312 0.7578 0.8887 0.8383 0.4964 0.8953 0.3226 0.1590 0.8458 0.7163 0.2900 0.3902 0.0865 0.9093 0.9921
47 47
2.2784
0.1664 0.4354 0.9770 0.1902 0.6506 0.4923 0.2816 0.6587 0.1005 0.7958 0.9963 0.4495 0.9917 0.3204 0.1539 0.1305 0.1427 0.9056 0.0239 0.2346 0.1637 0.8419 0.6562 0.3084 0.8489 0.5550 0.8193 0.8278 0.3553 0.7939 0.7586 0.8840 0.9460 0.7511 0.6483 0.3364 0.9042 0.6852 0.1028 0.6641 0.1259 0.1370 0.8156 0.3635 0.1277 0.5519 0.0708
48 48
15.6707
0.0851 0.5231 0.5016 0.0110 0.7083 0.6469 0.8620 0.2249 0.7401 0.7464 0.1434 0.4106 0.5301 0.0394 0.4637 0.3195 0.6061 0.8091 0.7591 0.9368 0.8602 0.3433 0.9726 0.1309 0.9972 0.5220 0.1949 0.8563 0.8797 0.5781 0.0980 0.1833 0.3030 0.1114 0.8351 0.4053 0.0630 0.3172 0.9415 0.2545 0.3796 0.5794 0.2847 0.9739 0.9468 0.4028 0.9810 0.6120
49 49
18.5380
0.1367 0.3436 0.3494 0.7096 0.4391 0.7539 0.2613 0.9120 0.2279 0.2102 0.2392 0.3613 0.9961 0.4892 0.5743 0.3039 0.1711 0.7427 0.8415 0.8890 0.1288 0.7431 0.9199 0.8578 0.2581 0.1146 0.3144 0.2015 0.9542 0.6282 0.2187 0.5758 0.6005 0.7075 0.9416 0.8124 0.4688 0.8136 0.2046 0.7297 0.7125 0.9017 0.7047 0.5210 0.6617 0.1815 0.2463 0.9035 0.3716
2 2
0.3333
0.5000 0.5000
47 47
14.5196
0.1063 0.0859 0.0566 0.7993 0.9172 0.8717 0.1504 0.8638 0.8201 0.9743 0.0556 0.5772 0.7928 0.9295 0.5701 0.9574 0.8859 0.9887 0.0813 0.8768 0.8913 0.3397 0.0869 0.8537 0.3500 0.4044 0.7623 0.5683 0.8694 0.3034 0.4772 0.3884 0.6761 0.5619 0.9922 0.2935 0.7909 0.1989 0.8576 0.3159 0.6637 0.5211 0.4333 0.9947 0.7003 0.4266 0.9985
50 50
16.2393
0.1765 0.8426 0.7062 0.3635 0.7364 0.6193 0.4472 0.3758 0.3602 0.2315 0.2629 0.8394 0.7185 0.2121 0.4738 0.5254 0.2994 0.7480 0.3711 0.8188 0.0786 0.9563 0.2044 0.3240 0.8511 0.4299 0.6030 0.3247 0.7972 0.7471 0.9164 0.9479 0.3768 0.6081 0.3464 0.1557 0.8003 0.5874 0.1892 0.7239 0.8389 0.6660 0.6276 0.4651 0.5295 0.8008 0.6279 0.1332 0.2353 0.3482
45 45
18.8001
0.9348 0.2457 0.4095 0.7389 0.6519 0.7927 0.2186 0.8755 0.0542 0.2352 0.2360 0.0946 0.6118 0.0423 0.8012 0.4694 0.5620 0.1940 0.1837 0.2548 0.7311 0.0894 0.9556 0.9915 0.8543 0.9722 0.3563 0.6291 0.7465 0.3511 0.0356 0.1268 0.9897 0.3416 0.6841 0.8372 0.5939 0.2267 0.9280 0.8880 0.4533 0.0902 0.8092 0.8438 0.7197
4 4
1.3999
0.5000 0.8000 0.6000 0.7000
4 4
0.0001
0.0000 0.0000 0.0000 0.0000
45 45
15.9309
0.1291 0.9505 0.8912 0.9836 0.6130 0.1822 0.1794 0.3231 0.0668 0.3762 0.6687 0.3339 0.7981 0.5674 0.8949 0.8547 0.4154 0.7105 0.1897 0.0493 0.5514 0.9062 0.3310 0.5366 0.3253 0.2643 0.2610 0.6419 0.6045 0.9583 0.8490 0.3921 0.7862 0.2761 0.7619 0.5815 0.7245 0.1555 0.7057 0.2778 0.3891 0.3398 0.0168 0.7320 0.3935
45 45
18.0690
0.4104 0.1888 0.5474 0.6110 0.9869 0.9457 0.4581 0.6840 0.9398 0.3880 0.9399 0.9552 0.4860 0.6494 0.3659 0.2543 0.5551 0.3758 0.1384 0.8014 0.1457 0.0141 0.4060 0.2292 0.1596 0.9454 0.3642 0.0509 0.7281 0.6082 0.0448 0.4930 0.0822 0.6547 0.8650 0.7090 0.2568 0.8014 0.3267 0.4328 0.4051 0.3591 0.2207 0.1250 0.5692
45 45
3.5904
0.8945 0.3085 0.9563 0.7976 0.8268 0.4568 0.5776 0.7398 0.3252 0.1824 0.1847 0.5679 0.2361 0.8465 0.3892 0.3448 0.6697 0.4520 0.8075 0.4820 0.3880 0.3324 0.9111 0.5221 0.2692 0.1720 0.7248 0.4031 0.3233 0.7122 0.1272 0.4972 0.7715 0.6942 0.4654 0.1018 0.5127 0.3308 0.4465 0.2414 0.1036 0.4244 0.4581 0.3655 0.3028
50 50
0.0049
0.9999 0.9999 0.9999 0.9999 0.9999 0.9999 0.9999 0.9999 0.9999 0.9999 0.9999 0.9999 0.9999 0.9999 0.9999 0.9999 0.9999 0.9999 0.9999 0.9999 0.9999 0.9999 0.9999 0.9999 0.9999 0.9999 0.9999 0.9999 0.9999 0.9999 0.9999 0.9999 0.9999 0.9999 0.9999 0.9999 0.9999 0.9999 0.9999 0.9999 0.9999 0.9999 0.9999 0.9999 0.9999 0.9999 0.9999 0.9999 0.9999 0.9999
1 1
0.3333
0.5000
2 2
0.5000
0.5000 0.5000
45 45
15.8522
0.6084 0.9650 0.8325 0.7762 0.5199 0.0809 0.5666 0.2564 0.8785 0.9755 0.0050 0.5568 0.5928 0.6345 0.2878 0.4852 0.9480 0.9196 0.3271 0.4920 0.7896 0.2682 0.3463 0.3042 0.6457 0.4656 0.9375 0.0364 0.5191 0.9930 0.2034 0.0841 0.5764 0.2056 0.0414 0.9693 0.2236 0.9887 0.9901 0.5794 0.3899 0.0170 0.5427 0.9054 0.5379
50 50
1.0000
0.3333 0.3333 0.3333 0.3333 0.3333 0.3333 0.3333 0.3333 0.3333 0.3333 0.3333 0.3333 0.3333 0.3333 0.3333 0.3333 0.3333 0.3333 0.3333 0.3333 0.3333 0.3333 0.3333 0.3333 0.3333 0.3333 0.3333 0.3333 0.3333 0.3333 0.3333 0.3333 0.3333 0.3333 0.3333 0.3333 0.3333 0.3333 0.3333 0.3333 0.3333 0.3333 0.3333 0.3333 0.3333 0.3333 0.3333 0.3333 0.3333 0.3333
50 50
25.2888
0.1932 0.0176 0.0458 0.7145 0.6452 0.1402 0.3591 0.6848 0.2231 0.4141 0.9873 0.7860 0.8363 0.5917 0.6301 0.6353 0.8964 0.4467 0.4550 0.7516 0.2078 0.4106 0.8494 0.2988 0.8476 0.6545 0.3058 0.0982 0.4931 0.7656 0.0664 0.5612 0.4014 0.4382 0.3904 0.9462 0.1656 0.1646 0.4655 0.7470 0.9090 0.9602 0.4010 0.5186 0.0297 0.5188 0.4009 0.0391 0.9399 0.2468
49 49
21.8807
0.8410 0.8826 0.9066 0.8210 0.0061 0.9722 0.7635 0.4236 0.6391 0.2437 0.3442 0.4380 0.4179 0.4558 0.1537 0.6136 0.3345 0.7928 0.3365 0.7307 0.6969 0.3598 0.6262 0.8295 0.0281 0.2249 0.2311 0.7887 0.4202 0.3768 0.8738 0.4774 0.0788 0.7610 0.3537 0.8778 0.1456 0.6309 0.7648 0.2981 0.4771 0.5963 0.4896 0.9700 0.2535 0.1069 0.9359 0.3633 0.6362
50 50
22.4789
0.2960 0.4628 0.7361 0.1274 0.5186 0.0531 0.1698 0.7253 0.5982 0.3268 0.5538 0.2134 0.8055 0.8501 0.1760 0.5376 0.1948 0.6755 0.0387 0.4994 0.5123 0.2284 0.0331 0.8376 0.7504 0.6303 0.3956 0.2755 0.5297 0.8817 0.4059 0.9590 0.7293 0.4470 0.7001 0.8066 0.7100 0.6803 0.4733 0.8243 0.9115 0.8729 0.0452 0.8736 0.9723 0.5900 0.1117 0.1351 0.2615 0.9172
45 45
20.1341
0.1172 0.3391 0.1852 0.7269 0.9030 0.6400 0.5469 0.0570 0.3612 0.5918 0.1904 0.9456 0.8357 0.6658 0.1698 0.3078 0.5828 0.4871 0.7361 0.1156 0.8903 0.0114 0.9879 0.4756 0.2407 0.1174 0.0171 0.8358 0.6686 0.9403 0.2808 0.2527 0.7989 0.2567 0.1576 0.5681 0.7167 0.2005 0.1192 0.6336 0.6033 0.5104 0.6958 0.9600 0.8981
48 48
17.5307
0.8766 0.6188 0.1210 0.3805 0.4568 0.5459 0.8073 0.7163 0.3718 0.6715 0.8005 0.5728 0.0951 0.0300 0.1308 0.0440 0.1815 0.7085 0.6811 0.2854 0.5557 0.4154 0.1466 0.3836 0.0226 0.9062 0.4879 0.7472 0.3488 0.4827 0.6278 0.6242 0.1015 0.2710 0.8717 0.2880 0.1924 0.3905 0.9080 0.6037 0.9929 0.2445 0.5687 0.6275 0.8487 0.1428 0.0436 0.3749
49 49
19.4814
0.8770 0.9452 0.9275 0.4394 0.1715 0.1593 0.8700 0.2867 0.2019 0.4682 0.3524 0.7096 0.1767 0.8073 0.1978 0.5352 0.5547 0.4893 0.8507 0.4152 0.9374 0.6933 0.3804 0.3409 0.8995 0.2154 0.3598 0.2363 0.5575 0.8998 0.2801 0.5016 0.1809 0.5156 0.0500 0.5273 0.9232 0.3956 0.5046 0.3633 0.6585 0.1949 0.3152 0.7201 0.1939 0.0530 0.6807 0.3800 0.9240
46 46
16.3179
0.3322 0.5975 0.1207 0.9915 0.0123 0.7615 0.9936 0.1396 0.0472 0.7802 0.6405 0.3278 0.7526 0.4754 0.9539 0.9812 0.4641 0.4119 0.0894 0.4195 0.1356 0.0124 0.8624 0.5154 0.2974 0.5513 0.5844 0.1572 0.5432 0.9004 0.7061 0.4538 0.9847 0.6052 0.2919 0.9909 0.1971 0.6931 0.1314 0.0619 0.3647 0.9446 0.1325 0.4624 0.4751 0.2752
50 50
16.1944
0.8562 0.1936 0.9504 0.8782 0.7195 0.1214 0.9663 0.1788 0.3969 0.7400 0.3796 0.8709 0.9500 0.4375 0.7279 0.5486 0.9837 0.8656 0.5767 0.7788 0.7328 0.0795 0.2967 0.7670 0.2530 0.3756 0.7860 0.2069 0.4032 0.5285 0.9336 0.6767 0.5324 0.4717 0.8770 0.6017 0.7108 0.7139 0.1849 0.0845 0.4466 0.0032 0.2490 0.7608 0.9407 0.4787 0.2905 0.4461 0.4985 0.9813
47 47
19.8025
0.3465 0.1004 0.4847 0.8964 0.5023 0.6754 0.1990 0.4415 0.5104 0.6212 0.9510 0.9747 0.7450 0.7546 0.8073 0.2681 0.4652 0.6033 0.6941 0.1376 0.3802 0.0237 0.8262 0.5197 0.9445 0.5653 0.2365 0.8909 0.2172 0.1459 0.3789 0.6427 0.3717 0.6309 0.9179 0.7040 0.7254 0.9432 0.1952 0.8299 0.1285 0.5864 0.1634 0.2953 0.4764 0.4965 0.4767
47 47
20.1560
0.0639 0.1017 0.9285 0.5472 0.7825 0.3509 0.5033 0.7104 0.1567 0.7824 0.0486 0.3642 0.4182 0.7862 0.2107 0.8785 0.2627 0.3497 0.6658 0.6133 0.1126 0.8625 0.6395 0.6235 0.0933 0.4625 0.7382 0.7308 0.6115 0.0543 0.1228 0.7012 0.7802 0.1583 0.7087 0.9555 0.5766 0.7583 0.4835 0.3169 0.9585 0.0411 0.7573 0.1780 0.3850 0.7938 0.0708
1 1
0.0000
1.0000
46 46
13.7584
0.9486 0.3234 0.9878 0.6636 0.7805 0.9929 0.7922 0.6788 0.8500 0.5524 0.8636 0.9521 0.2773 0.2717 0.8070 0.7801 0.8121 0.3088 0.8124 0.9802 0.3086 0.4954 0.1808 0.1899 0.0182 0.6046 0.6678 0.5434 0.2802 0.8636 0.0371 0.5751 0.6990 0.0801 0.0213 0.3896 0.0602 0.8303 0.6491 0.9842 0.7928 0.4070 0.6287 0.4767 0.7519 0.5080
45 45
18.5701
0.0903 0.4852 0.5469 0.2984 0.9783 0.2789 0.2732 0.5018 0.8250 0.7207 0.4566 0.6995 0.3615 0.9844 0.6002 0.0329 0.3540 0.3864 0.4042 0.7602 0.9757 0.1552 0.2387 0.2023 0.4909 0.6720 0.3724 0.2060 0.6718 0.1798 0.0970 0.1114 0.4200 0.4267 0.6492 0.3303 0.6901 0.0353 0.5599 0.6058 0.7678 0.0002 0.0109 0.1975 0.1115
48 48
20.7689
0.1402 0.1990 0.4427 0.8671 0.0634 0.6862 0.2410 0.2316 0.2764 0.7655 0.4718 0.0558 0.7704 0.2367 0.5437 0.5380 0.4887 0.3495 0.3618 0.6108 0.5161 0.1179 0.7801 0.6789 0.1139 0.4758 0.7771 0.5391 0.1630 0.4744 0.0072 0.9451 0.5057 0.9834 0.5130 0.2275 0.3296 0.6792 0.2007 0.0185 0.8203 0.7701 0.4591 0.5125 0.0683 0.9708 0.3494 0.7411
45 45
20.9168
0.2368 0.0815 0.4964 0.8594 0.3802 0.8067 0.5303 0.2942 0.0522 0.4018 0.3453 0.7885 0.2281 0.3771 0.5849 0.3108 0.7968 0.7450 0.4295 0.5429 0.1558 0.1369 0.2687 0.7282 0.1054 0.4597 0.3518 0.7882 0.0503 0.8605 0.2277 0.0415 0.6561 0.9072 0.4363 0.3846 0.0475 0.3542 0.0144 0.2022 0.7037 0.3337 0.0600 0.0914 0.3028
49 49
16.3677
0.0906 0.1037 0.6045 0.0651 0.1543 0.5115 0.1711 0.3076 0.2783 0.4247 0.7854 0.8401 0.7457 0.8416 0.6677 0.6544 0.3490 0.3680 0.9585 0.8846 0.9108 0.2206 0.7300 0.9768 0.7424 0.4326 0.0884 0.0564 0.0561 0.4147 0.8002 0.2144 0.8462 0.2882 0.8491 0.9898 0.9307 0.3388 0.5070 0.1286 0.4383 0.4610 0.0966 0.2103 0.9711 0.3344 0.0136 0.7340 0.9448
50 50
18.9220
0.5184 0.6828 0.8809 0.4251 0.8294 0.2034 0.5274 0.8166 0.3559 0.1573 0.6404 0.3281 0.5555 0.7117 0.2324 0.8634 0.2689 0.3793 0.4632 0.7947 0.4364 0.7423 0.4750 0.1516 0.3671 0.9709 0.0127 0.5551 0.3418 0.1611 0.4647 0.0171 0.6785 0.1415 0.8243 0.4056 0.3287 0.9067 0.8168 0.9742 0.0678 0.0636 0.4514 0.9854 0.4311 0.5385 0.4535 0.0381 0.5045 0.5988
47 47
0.5837
0.3950 0.0343 0.0304 0.7619 0.9137 0.8738 0.7999 0.3793 0.2976 0.8463 0.8283 0.3602 0.5026 0.1457 0.9918 0.8867 0.4499 0.5646 0.2916 0.3154 0.4186 0.7970 0.6696 0.5603 0.2756 0.1213 0.5064 0.6131 0.2637 0.8177 0.8207 0.1291 0.3682 0.6248 0.6048 0.7741 0.7012 0.5373 0.0082 0.5956 0.8003 0.9160 0.4096 0.4740 0.7167 0.7335 0.6586
47 47
20.6629
0.5695 0.3049 0.4642 0.0518 0.3271 0.2379 0.9790 0.0649 0.2924 0.6685 0.4992 0.0584 0.1455 0.2924 0.4801 0.5175 0.5516 0.3609 0.6250 0.5366 0.9468 0.8268 0.6534 0.0066 0.4299 0.4924 0.0160 0.2399 0.6722 0.0482 0.6810 0.8885 0.6811 0.0178 0.7295 0.1572 0.5388 0.6444 0.8927 0.3622 0.6332 0.3961 0.8475 0.3888 0.8981 0.9967 0.5372
1 1
0.5000
0.5000
45 45
18.1753
0.1559 0.9746 0.3060 0.9335 0.1798 0.1368 0.1649 0.2276 0.1392 0.7505 0.5408 0.2718 0.9368 0.7937 0.9306 0.4015 0.8068 0.3112 0.3039 0.1106 0.0027 0.1581 0.5305 0.5372 0.6502 0.6910 0.7921 0.5389 0.4306 0.5809 0.8904 0.1852 0.1648 0.1447 0.0105 0.2190 0.2426 0.6307 0.7798 0.2120 0.0534 0.0191 0.4490 0.6143 0.9850
2 2
0.0000
1.0000 1.0000
45 45
20.2978
0.3011 0.7521 0.5528 0.9822 0.3338 0.6604 0.4154 0.7485 0.4839 0.2503 0.3804 0.2079 0.1396 0.7818 0.1895 0.7316 0.9369 0.2490 0.9016 0.1225 0.5544 0.7811 0.8752 0.8631 0.3742 0.2198 0.6054 0.1662 0.1668 0.3496 0.2758 0.9066 0.8013 0.4158 0.0881 0.1959 0.9659 0.4837 0.4559 0.7162 0.2448 0.2166 0.5244 0.5693 0.7997
49 49
17.7272
0.4515 0.7569 0.6131 0.0616 0.2629 0.3166 0.7363 0.3276 0.6432 0.3356 0.2357 0.8318 0.7581 0.3038 0.3907 0.4930 0.4149 0.0647 0.1324 0.8690 0.7287 0.3117 0.0043 0.6148 0.8259 0.8054 0.6459 0.4676 0.6769 0.9571 0.8384 0.3390 0.1701 0.9795 0.7843 0.1248 0.2445 0.6215 0.6117 0.4442 0.7676 0.5316 0.3437 0.4486 0.2142 0.0026 0.1653 0.3909 0.9146
45 45
14.5626
0.3928 0.6756 0.4866 0.8312 0.8520 0.7877 0.3873 0.5474 0.9265 0.7854 0.1966 0.6684 0.8538 0.6118 0.2103 0.3449 0.8831 0.3287 0.5768 0.7813 0.0953 0.4902 0.5249 0.4172 0.9008 0.2444 0.6724 0.4896 0.7505 0.9245 0.8225 0.8370 0.2978 0.9697 0.6140 0.4258 0.8058 0.4256 0.4684 0.7711 0.4588 0.8057 0.0295 0.3909 0.3613
45 45
16.5235
0.3613 0.6261 0.5736 0.2659 0.0082 0.4516 0.5291 0.4030 0.0669 0.9727 0.0636 0.7245 0.2354 0.9576 0.3328 0.5393 0.9172 0.8058 0.5711 0.6097 0.1121 0.4236 0.0303 0.3876 0.7123 0.9399 0.5561 0.7645 0.0560 0.0053 0.2263 0.3188 0.5547 0.0202 0.5896 0.2280 0.9813 0.0014 0.1898 0.6487 0.2313 0.5847 0.4159 0.7386 0.6865
48 48
20.7704
0.8828 0.6629 0.4970 0.7883 0.2273 0.6124 0.9698 0.8928 0.9873 0.9067 0.3339 0.8866 0.9464 0.5046 0.2957 0.4224 0.5196 0.0341 0.5120 0.0971 0.0812 0.7033 0.8424 0.1951 0.4639 0.7351 0.7633 0.7851 0.8871 0.8103 0.6622 0.6314 0.5499 0.9357 0.8771 0.1725 0.2557 0.5031 0.3148 0.2398 0.0593 0.2903 0.6778 0.5652 0.8926 0.6949 0.3226 0.1788
50 50
0.6901
0.1090 0.9438 0.5109 0.6915 0.8265 0.3158 0.7205 0.1546 0.7744 0.7417 0.0932 0.2443 0.2665 0.3724 0.3303 0.3337 0.1761 0.7951 0.7255 0.7742 0.8733 0.0507 0.2187 0.3512 0.8091 0.2683 0.6598 0.2215 0.9926 0.8764 0.3483 0.6759 0.5154 0.1842 0.5983 0.6196 0.0770 0.2108 0.0857 0.5160 0.8928 0.6986 0.0863 0.8871 0.1224 0.9318 0.0539 0.9641 0.2791 0.7287
46 46
18.6763
0.1046 0.4221 0.3994 0.6719 0.6715 0.1900 0.9251 0.6423 0.9224 0.9695 0.5753 0.3663 0.4917 0.3325 0.6593 0.8419 0.1346 0.5262 0.0670 0.5245 0.4321 0.9521 0.9895 0.6765 0.4752 0.3869 0.4216 0.3231 0.0967 0.0827 0.2588 0.0680 0.4019 0.8184 0.3994 0.3716 0.3365 0.9663 0.9375 0.9950 0.0000 0.4650 0.2119 0.1123 0.0923 0.4967
47 47
23.5221
0.7923 0.9578 0.8204 0.0903 0.6210 0.6408 0.9720 0.0428 0.7848 0.7804 0.2526 0.0591 0.7352 0.0233 0.6180 0.3090 0.9257 0.2369 0.6852 0.8814 0.5510 0.1564 0.2536 0.5293 0.9180 0.7184 0.3246 0.1905 0.3504 0.2367 0.3141 0.1276 0.6951 0.2042 0.1808 0.1867 0.4333 0.1408 0.6186 0.2617 0.2759 0.4865 0.3712 0.9882 0.1761 0.8586 0.0832
46 46
13.9626
0.3174 0.8436 0.1301 0.5072 0.1860 0.0230 0.7498 0.5432 0.7749 0.1637 0.7931 0.8746 0.9707 0.1115 0.7510 0.5416 0.0534 0.9998 0.9270 0.4240 0.4286 0.6362 0.9492 0.1586 0.8662 0.7712 0.4081 0.9309 0.7020 0.0531 0.5782 0.7114 0.1867 0.2316 0.2279 0.9470 0.7048 0.9264 0.9308 0.1056 0.7961 0.3762 0.6737 0.5631 0.5485 0.5625
50 50
50.0000
0.0000 0.0000 0.0000 0.0000 0.0000 0.0000 0.0000 0.0000 0.0000 0.0000 0.0000 0.0000 0.0000 0.0000 0.0000 0.0000 0.0000 0.0000 0.0000 0.0000 0.0000 0.0000 0.0000 0.0000 0.0000 0.0000 0.0000 0.0000 0.0000 0.0000 0.0000 0.0000 0.0000 0.0000 0.0000 0.0000 0.0000 0.0000 0.0000 0.0000 0.0000 0.0000 0.0000 0.0000 0.0000 0.0000 0.0000 0.0000 0.0000 0.0000
50 50
0.0050
0.9999 0.9999 0.9999 0.9999 0.9999 0.9999 0.9999 0.9999 0.9999 0.9999 0.9999 0.9999 0.9999 0.9999 0.9999 0.9999 0.9999 0.9999 0.9999 0.9999 0.9999 0.9999 0.9999 0.9999 0.9999 0.9999 0.9999 0.9999 0.9999 0.9999 0.9999 0.9999 0.9999 0.9999 0.9999 0.9999 0.9999 0.9999 0.9999 0.9999 0.9999 0.9999 0.9999 0.9999 0.9999 0.9999 0.9999 0.9999 0.9999 0.9999
50 50
0.0000
0.3333 0.3333 0.3333 0.3333 0.3333 0.3333 0.3333 0.3333 0.3333 0.3333 0.3333 0.3333 0.3333 0.3333 0.3333 0.3333 0.3333 0.3333 0.3333 0.3333 0.3333 0.3333 0.3333 0.3333 0.3333 0.3333 0.3333 0.3333 0.3333 0.3333 0.3333 0.3333 0.3333 0.3333 0.3333 0.3333 0.3333 0.3333 0.3333 0.3333 0.3333 0.3333 0.3333 0.3333 0.3333 0.3333 0.3333 0.3333 0.3333 0.3333
50 50
33.3350
0.3333 0.3333 0.3333 0.3333 0.3333 0.3333 0.3333 0.3333 0.3333 0.3333 0.3333 0.3333 0.3333 0.3333 0.3333 0.3333 0.3333 0.3333 0.3333 0.3333 0.3333 0.3333 0.3333 0.3333 0.3333 0.3333 0.3333 0.3333 0.3333 0.3333 0.3333 0.3333 0.3333 0.3333 0.3333 0.3333 0.3333 0.3333 0.3333 0.3333 0.3333 0.3333 0.3333 0.3333 0.3333 0.3333 0.3333 0.3333 0.3333 0.3333
48 48
14.7624
0.4407 0.8716 0.5912 0.0269 0.4975 0.6819 0.3476 0.8167 0.3204 0.8828 0.2043 0.8514 0.8301 0.0220 0.8246 0.5504 0.0688 0.5283 0.9595 0.2472 0.0243 0.3597 0.3189 0.5284 0.0606 0.5925 0.8840 0.3838 0.9035 0.7931 0.2263 0.8378 0.0005 0.9517 0.7181 0.8434 0.2742 0.4110 0.3201 0.8744 0.5460 0.9848 0.9707 0.8039 0.4021 0.6201 0.3684 0.7750
45 45
18.0264
0.4341 0.9472 0.1572 0.1394 0.1046 0.1359 0.4188 0.2077 0.2963 0.9707 0.8724 0.8827 0.3648 0.4529 0.2608 0.1548 0.9610 0.4240 0.2310 0.7001 0.0882 0.6106 0.2172 0.4852 0.8667 0.7292 0.0203 0.2921 0.9050 0.0069 0.7157 0.6579 0.9907 0.5179 0.8651 0.7353 0.1207 0.6016 0.2057 0.5882 0.9264 0.5607 0.0102 0.3176 0.1734
49 49
18.7429
0.4615 0.9152 0.8616 0.5074 0.6239 0.3300 0.4921 0.9688 0.8970 0.8671 0.3125 0.4432 0.8510 0.3995 0.0668 0.3147 0.1243 0.7366 0.1497 0.0683 0.7384 0.6696 0.6829 0.4162 0.8759 0.1774 0.2800 0.0199 0.3970 0.9700 0.2323 0.2827 0.1448 0.3896 0.2359 0.0712 0.7805 0.4574 0.4839 0.4624 0.2533 0.0677 0.4219 0.0520 0.4401 0.2156 0.7897 0.7859 0.6051
45 45
15.2165
0.2910 0.1655 0.7873 0.8585 0.4111 0.3374 0.0113 0.3834 0.3910 0.2651 0.5032 0.9461 0.0208 0.5766 0.8595 0.0038 0.3075 0.4489 0.3200 0.6177 0.7745 0.7486 0.2106 0.7920 0.2966 0.7244 0.5705 0.6437 0.4165 0.6503 0.1302 0.8343 0.7084 0.2175 0.7245 0.8541 0.4888 0.9645 0.1951 0.9680 0.6840 0.5128 0.0331 0.3496 0.4791
46 46
20.6616
0.3210 0.4221 0.1307 0.0216 0.4980 0.2663 0.1453 0.3732 0.2716 0.8272 0.1311 0.0422 0.8333 0.1790 0.6042 0.0402 0.1520 0.2532 0.5422 0.2512 0.7510 0.4389 0.4374 0.5817 0.5474 0.4962 0.1238 0.1937 0.6122 0.6801 0.7223 0.7178 0.1590 0.4749 0.4414 0.6937 0.0658 0.1596 0.8228 0.1668 0.9323 0.8846 0.8984 0.5196 0.9730 0.9293
46 46
24.5829
0.3161 0.0964 0.5560 0.4032 0.6890 0.7730 0.4424 0.7301 0.2218 0.4250 0.8352 0.1537 0.3018 0.0502 0.6406 0.5625 0.5017 0.8489 0.7417 0.4924 0.7862 0.2067 0.1017 0.1000 0.7596 0.2651 0.2251 0.3818 0.1540 0.8349 0.5565 0.8978 0.2659 0.2000 0.2344 0.1285 0.3455 0.8686 0.2204 0.3368 0.0922 0.2047 0.3925 0.7793 0.4615 0.8004
48 48
17.5812
0.1975 0.8602 0.9245 0.8925 0.9044 0.8071 0.6576 0.2647 0.6597 0.6281 0.3764 0.4059 0.5510 0.3319 0.1999 0.7931 0.1704 0.5947 0.4663 0.3937 0.5203 0.4645 0.1701 0.9776 0.1249 0.6251 0.5949 0.5787 0.2904 0.6498 0.3297 0.6709 0.2648 0.1528 0.2487 0.6111 0.1615 0.9632 0.4888 0.7771 0.9186 0.7549 0.9861 0.0310 0.3213 0.3688 0.6325 0.5594
50 50
17.3055
0.5457 0.8119 0.1229 0.7405 0.4964 0.7755 0.3092 0.7820 0.8622 0.5909 0.7981 0.8755 0.0253 0.4473 0.9147 0.2283 0.3928 0.1829 0.2838 0.6360 0.7741 0.5869 0.4965 0.0930 0.7447 0.6889 0.5714 0.2381 0.0610 0.4527 0.7157 0.5545 0.5142 0.8695 0.4340 0.6839 0.5369 0.8688 0.8613 0.7379 0.2682 0.1738 0.9333 0.1362 0.3649 0.8430 0.5374 0.7923 0.2150 0.4366
49 49
2.2603
0.8354 0.5165 0.4379 0.4606 0.0706 0.4856 0.1762 0.5095 0.7481 0.7444 0.8561 0.8378 0.5347 0.3106 0.7694 0.7932 0.6942 0.2017 0.9229 0.8491 0.0852 0.3850 0.5352 0.2831 0.8691 0.2869 0.3545 0.6047 0.5337 0.5509 0.7961 0.7809 0.1329 0.0739 0.1160 0.5154 0.7064 0.2368 0.6125 0.4581 0.7213 0.2235 0.1679 0.4795 0.6857 0.2062 0.6873 0.7001 0.4266
50 50
1.0000
0.0000 0.0000 0.0000 0.0000 0.0000 0.0000 0.0000 0.0000 0.0000 0.0000 0.0000 0.0000 0.0000 0.0000 0.0000 0.0000 0.0000 0.0000 0.0000 0.0000 0.0000 0.0000 0.0000 0.0000 0.0000 0.0000 0.0000 0.0000 0.0000 0.0000 0.0000 0.0000 0.0000 0.0000 0.0000 0.0000 0.0000 0.0000 0.0000 0.0000 0.0000 0.0000 0.0000 0.0000 0.0000 0.0000 0.0000 0.0000 0.0000 0.0000
45 45
19.9133
0.7649 0.8345 0.2918 0.8353 0.7864 0.7586 0.5381 0.1454 0.5767 0.4685 0.5173 0.6697 0.3851 0.9297 0.4329 0.2096 0.2034 0.6807 0.6981 0.1023 0.8540 0.9399 0.5734 0.4232 0.0157 0.1195 0.9849 0.2260 0.1791 0.9152 0.3569 0.1043 0.9242 0.9702 0.6461 0.7450 0.3263 0.1072 0.6216 0.5170 0.0455 0.3036 0.6683 0.0787 0.2599
45 45
17.8708
0.4523 0.4687 0.0563 0.0686 0.7091 0.7776 0.6015 0.5783 0.5017 0.3632 0.3790 0.8670 0.7042 0.9400 0.5444 0.1342 0.1193 0.7706 0.2657 0.6035 0.1441 0.5098 0.9764 0.7643 0.9415 0.4185 0.6497 0.3264 0.9408 0.0575 0.2676 0.8601 0.9817 0.8315 0.9120 0.3565 0.9112 0.6167 0.0280 0.8636 0.9980 0.7253 0.2678 0.0300 0.2301
50 50
20.8286
0.1955 0.2291 0.3147 0.6530 0.4699 0.6792 0.5448 0.7856 0.0871 0.2212 0.9281 0.4057 0.3540 0.0373 0.5742 0.1051 0.9287 0.1983 0.1853 0.3591 0.0932 0.9394 0.6625 0.2749 0.4993 0.3344 0.4151 0.4969 0.9944 0.6446 0.4316 0.8698 0.6227 0.1676 0.1877 0.2443 0.7136 0.6233 0.3929 0.2942 0.9557 0.9227 0.8605 0.2456 0.0919 0.5158 0.0344 0.7365 0.3375 0.1678
45 45
16.7238
0.6897 0.3091 0.2517 0.9157 0.2958 0.9179 0.3221 0.0102 0.2617 0.5018 0.1672 0.5209 0.1686 0.5916 0.8984 0.7331 0.9498 0.9831 0.1345 0.7648 0.9188 0.3399 0.0802 0.6316 0.6226 0.0473 0.2934 0.5911 0.4428 0.8416 0.3258 0.5928 0.1275 0.8527 0.9241 0.3794 0.0842 0.2959 0.2146 0.9163 0.3181 0.4153 0.4553 0.6655 0.7670
47 47
15.7096
0.4898 0.9598 0.2722 0.2615 0.0283 0.1827 0.5085 0.0285 0.9313 0.6794 0.1412 0.8676 0.2416 0.7264 0.9910 0.6753 0.6262 0.5668 0.6158 0.4478 0.5562 0.8700 0.9165 0.5786 0.9643 0.1536 0.2899 0.4880 0.6504 0.2673 0.7700 0.4558 0.8050 0.5288 0.5124 0.9471 0.9002 0.4726 0.4630 0.7190 0.6639 0.2035 0.7492 0.7482 0.7290 0.1146 0.1004
48 48
19.2560
0.0895 0.1866 0.3773 0.8458 0.2540 0.2107 0.6933 0.4033 0.3027 0.9026 0.1100 0.7883 0.5607 0.1021 0.5958 0.0646 0.1068 0.7250 0.1335 0.3580 0.2275 0.2419 0.2763 0.6756 0.9804 0.7612 0.4043 0.7568 0.0593 0.6988 0.3353 0.7909 0.8680 0.1609 0.0435 0.0789 0.7869 0.6917 0.3186 0.4258 0.2527 0.5112 0.5831 0.9674 0.0030 0.9674 0.3610 0.5934
48 48
17.5098
0.4660 0.3931 0.1909 0.8719 0.3018 0.9322 0.6504 0.0296 0.3844 0.6957 0.1157 0.8475 0.2203 0.4292 0.7730 0.6617 0.4850 0.2822 0.4139 0.1788 0.7322 0.5307 0.1751 0.0547 0.1418 0.3220 0.7786 0.3889 0.4079 0.8235 0.0365 0.2274 0.3096 0.7090 0.1462 0.6348 0.4167 0.5666 0.6191 0.7717 0.9582 0.8431 0.6353 0.8355 0.5469 0.7182 0.6101 0.7490
50 50
16.4274
0.7761 0.2133 0.6873 0.6760 0.7906 0.8856 0.5243 0.1223 0.5515 0.4668 0.3548 0.9790 0.0738 0.1610 0.2181 0.1353 0.1555 0.5266 0.6753 0.3341 0.7563 0.8025 0.8283 0.0990 0.0551 0.2845 0.6891 0.9195 0.6202 0.6930 0.5619 0.7483 0.8844 0.5243 0.7307 0.4095 0.4525 0.9517 0.0543 0.9565 0.7141 0.9520 0.0617 0.1584 0.1447 0.2767 0.7829 0.6336 0.5693 0.8380
