100
4 4
1.4000
0.5000 0.7000 0.8000 0.6000
2 2
1.0000
0.0000 0.0000
2 2
0.0000
0.9000 0.8000
2 2
0.1000
0.4000 0.5000
45 45
17.7605
0.2547 0.4658 0.5688 0.1656 0.0510 0.7898 0.7612 0.7998 0.5321 0.9802 0.8904 0.9976 0.9075 0.7148 0.8023 0.8292 0.0114 0.4882 0.4973 0.6232 0.0233 0.1791 0.8253 0.0096 0.5024 0.6098 0.6534 0.5612 0.9215 0.4239 0.5929 0.3321 0.5905 0.6089 0.1398 0.1909 0.4459 0.7072 0.5044 0.1894 0.1912 0.8350 0.5115 0.6224 0.9241
48 48
15.7486
0.5996 0.6358 0.8171 0.6123 0.6438 0.5581 0.2569 0.5761 0.7162 0.6033 0.3559 0.6354 0.1041 0.7935 0.2098 0.0227 0.9543 0.8066 0.8268 0.2996 0.9539 0.2345 0.2351 0.2835 0.8908 0.7765 0.5837 0.7935 0.3992 0.2674 0.5564 0.1641 0.8749 0.1827 0.8859 0.7756 0.1784 0.8237 0.8703 0.0978 0.5401 0.1477 0.6712 0.6810 0.7461 0.9727 0.4369 0.6720
50 50
19.4237
0.2950 0.3636 0.9067 0.9607 0.0442 0.1677 0.8140 0.7662 0.0484 0.4703 0.2983 0.8151 0.1102 0.1575 0.1475 0.5381 0.5157 0.8375 0.0484 0.6862 0.2030 0.8860 0.9244 0.5729 0.1193 0.0919 0.9962 0.1967 0.3879 0.9665 0.4462 0.9929 0.9462 0.0650 0.9797 0.7888 0.5731 0.8033 0.9009 0.9227 0.1690 0.0056 0.4863 0.1160 0.0417 0.3509 0.5604 0.7605 0.5662 0.6598
2 2
0.3333
0.5000 0.5000
46 46
14.4424
0.9411 0.4342 0.3862 0.3055 0.5346 0.5469 0.7918 0.7686 0.9087 0.9482 0.0428 0.0239 0.8679 0.6567 0.7224 0.9539 0.6187 0.3566 0.3677 0.7248 0.7435 0.2126 0.0769 0.8783 0.8187 0.7299 0.5380 0.1655 0.7464 0.2291 0.7167 0.0974 0.3427 0.1702 0.2822 0.7770 0.7172 0.4865 0.9183 0.6795 0.1122 0.1933 0.7250 0.9876 0.5347 0.4248
45 45
18.4099
0.6676 0.3777 0.5481 0.8835 0.1641 0.2189 0.0818 0.4495 0.5661 0.8892 0.3564 0.0209 0.4685 0.8905 0.6393 0.7743 0.1162 0.4702 0.5924 0.1018 0.7670 0.6360 0.2097 0.4267 0.6429 0.9044 0.3807 0.1990 0.9391 0.2679 0.2110 0.4378 0.4406 0.8067 0.3887 0.3978 0.0795 0.0130 0.2788 0.8463 0.4815 0.5016 0.2449 0.3092 0.7806
49 49
15.5675
0.2244 0.2969 0.9934 0.4969 0.0592 0.4319 0.0577 0.0445 0.5547 0.0689 0.9295 0.7357 0.5756 0.8326 0.5425 0.0493 0.0254 0.3781 0.3414 0.4859 0.6405 0.5021 0.9361 0.6489 0.8051 0.9206 0.2526 0.6667 0.1978 0.9859 0.4085 0.7733 0.3183 0.9288 0.5525 0.5152 0.5215 0.8182 0.6768 0.8064 0.5143 0.9783 0.9330 0.4756 0.9143 0.9952 0.6560 0.9838 0.5580
46 46
22.6606
0.9701 0.9532 0.3720 0.2288 0.3563 0.3355 0.0535 0.4182 0.3192 0.1012 0.8052 0.5972 0.3381 0.1562 0.4041 0.6788 0.1316 0.4296 0.4782 0.4636 0.0351 0.9055 0.1168 0.0218 0.1210 0.3760 0.8138 0.5673 0.6862 0.8619 0.9451 0.3600 0.9333 0.3485 0.2498 0.1392 0.7557 0.9064 0.0608 0.5458 0.4939 0.2779 0.5014 0.2179 0.0140 0.2225
50 50
0.0000
1.0000 1.0000 1.0000 1.0000 1.0000 1.0000 1.0000 1.0000 1.0000 1.0000 1.0000 1.0000 1.0000 1.0000 1.0000 1.0000 1.0000 1.0000 1.0000 1.0000 1.0000 1.0000 1.0000 1.0000 1.0000 1.0000 1.0000 1.0000 1.0000 1.0000 1.0000 1.0000 1.0000 1.0000 1.0000 1.0000 1.0000 1.0000 1.0000 1.0000 1.0000 1.0000 1.0000 1.0000 1.0000 1.0000 1.0000 1.0000 1.0000 1.0000
48 48
18.9715
0.1285 0.3461 0.5957 0.1687 0.8650 0.9836 0.6313 0.7282 0.8369 0.7461 0.9979 0.0977 0.0406 0.4852 0.2659 0.1899 0.8510 0.5024 0.0972 0.3895 0.2697 0.2566 0.2639 0.2843 0.5156 0.5453 0.8162 0.8847 0.1674 0.0257 0.3744 0.6269 0.0403 0.1823 0.6171 0.5239 0.0305 0.2814 0.8104 0.0149 0.9316 0.2668 0.4725 0.0332 0.4401 0.1921 0.3482 0.5800
50 50
18.8898
0.9287 0.4128 0.3499 0.0213 0.1410 0.7074 0.3665 0.6273 0.1273 0.8923 0.7055 0.8378 0.0945 0.5297 0.4426 0.4051 0.3022 0.0294 0.6377 0.4823 0.7522 0.0349 0.0274 0.1594 0.3644 0.2554 0.3114 0.1939 0.6799 0.6174 0.0275 0.9625 0.6889 0.3413 0.3106 0.3644 0.3943 0.4920 0.0752 0.2765 0.1805 0.6293 0.2568 0.2873 0.7309 0.0955 0.9771 0.7203 0.9461 0.6096
46 46
17.2665
0.7081 0.5071 0.4715 0.3101 0.4448 0.5872 0.7563 0.7948 0.8974 0.8630 0.9024 0.9139 0.2947 0.6519 0.6662 0.7202 0.9921 0.3979 0.8697 0.9930 0.0223 0.8987 0.7564 0.4019 0.5041 0.9916 0.6942 0.0286 0.3953 0.9982 0.3498 0.3036 0.7751 0.8969 0.3114 0.9675 0.1263 0.8076 0.3358 0.1389 0.0634 0.8597 0.8469 0.4260 0.3272 0.7667
46 46
20.1760
0.6803 0.6377 0.4464 0.3273 0.3069 0.2517 0.2006 0.3181 0.4438 0.1935 0.5077 0.1964 0.2011 0.8847 0.8287 0.8927 0.6339 0.1257 0.7026 0.9404 0.6787 0.2144 0.1437 0.9386 0.6271 0.3071 0.8941 0.0829 0.9836 0.4875 0.1508 0.1596 0.0822 0.6792 0.3994 0.0858 0.7808 0.3202 0.7766 0.6783 0.1039 0.3374 0.2235 0.8130 0.8947 0.6758
50 50
0.0000
0.9999 0.9999 0.9999 0.9999 0.9999 0.9999 0.9999 0.9999 0.9999 0.9999 0.9999 0.9999 0.9999 0.9999 0.9999 0.9999 0.9999 0.9999 0.9999 0.9999 0.9999 0.9999 0.9999 0.9999 0.9999 0.9999 0.9999 0.9999 0.9999 0.9999 0.9999 0.9999 0.9999 0.9999 0.9999 0.9999 0.9999 0.9999 0.9999 0.9999 0.9999 0.9999 0.9999 0.9999 0.9999 0.9999 0.9999 0.9999 0.9999 0.9999
49 49
18.2270
0.6655 0.1133 0.9397 0.1977 0.6858 0.5177 0.2628 0.1737 0.2871 0.7709 0.8554 0.9048 0.0752 0.2202 0.8253 0.0544 0.8054 0.5623 0.4928 0.5076 0.8346 0.9092 0.1660 0.2351 0.0011 0.6002 0.9215 0.2285 0.9611 0.2251 0.7695 0.7414 0.3200 0.9130 0.6847 0.1018 0.9245 0.8994 0.9946 0.1872 0.8312 0.3927 0.0563 0.6928 0.9935 0.5804 0.9157 0.1958 0.4071
46 46
20.7182
0.5509 0.4186 0.5894 0.6849 0.4097 0.4197 0.6593 0.1239 0.2331 0.0940 0.0436 0.0983 0.5567 0.5392 0.8973 0.3126 0.4340 0.3569 0.6707 0.1265 0.3580 0.4893 0.9300 0.2556 0.3284 0.9421 0.1858 0.1047 0.8358 0.7214 0.9553 0.1598 0.0412 0.1013 0.6311 0.9524 0.9908 0.2382 0.2583 0.3918 0.0507 0.1547 0.1998 0.2709 0.3436 0.5119
50 50
0.0050
0.9999 0.9999 0.9999 0.9999 0.9999 0.9999 0.9999 0.9999 0.9999 0.9999 0.9999 0.9999 0.9999 0.9999 0.9999 0.9999 0.9999 0.9999 0.9999 0.9999 0.9999 0.9999 0.9999 0.9999 0.9999 0.9999 0.9999 0.9999 0.9999 0.9999 0.9999 0.9999 0.9999 0.9999 0.9999 0.9999 0.9999 0.9999 0.9999 0.9999 0.9999 0.9999 0.9999 0.9999 0.9999 0.9999 0.9999 0.9999 0.9999 0.9999
50 50
0.0000
0.3333 0.3333 0.3333 0.3333 0.3333 0.3333 0.3333 0.3333 0.3333 0.3333 0.3333 0.3333 0.3333 0.3333 0.3333 0.3333 0.3333 0.3333 0.3333 0.3333 0.3333 0.3333 0.3333 0.3333 0.3333 0.3333 0.3333 0.3333 0.3333 0.3333 0.3333 0.3333 0.3333 0.3333 0.3333 0.3333 0.3333 0.3333 0.3333 0.3333 0.3333 0.3333 0.3333 0.3333 0.3333 0.3333 0.3333 0.3333 0.3333 0.3333
46 46
17.7745
0.4059 0.0527 0.0848 0.5842 0.3548 0.6944 0.2268 0.4491 0.9268 0.0440 0.0679 0.8914 0.1071 0.2424 0.1394 0.2249 0.4731 0.7633 0.7580 0.1033 0.2804 0.0981 0.2495 0.2972 0.7498 0.7739 0.6142 0.7836 0.0713 0.9558 0.0440 0.0156 0.3761 0.9535 0.7654 0.3626 0.7761 0.6139 0.6144 0.4217 0.8565 0.6763 0.9797 0.4933 0.8646 0.9191
50 50
0.0000
0.0000 0.0000 0.0000 0.0000 0.0000 0.0000 0.0000 0.0000 0.0000 0.0000 0.0000 0.0000 0.0000 0.0000 0.0000 0.0000 0.0000 0.0000 0.0000 0.0000 0.0000 0.0000 0.0000 0.0000 0.0000 0.0000 0.0000 0.0000 0.0000 0.0000 0.0000 0.0000 0.0000 0.0000 0.0000 0.0000 0.0000 0.0000 0.0000 0.0000 0.0000 0.0000 0.0000 0.0000 0.0000 0.0000 0.0000 0.0000 0.0000 0.0000
49 49
19.9974
0.0161 0.1729 0.6086 0.0081 0.0419 0.2945 0.0544 0.8794 0.5235 0.0931 0.2739 0.9124 0.7921 0.1509 0.7997 0.2473 0.9165 0.5935 0.8250 0.9259 0.7708 0.8634 0.2941 0.6221 0.0659 0.5665 0.8343 0.2316 0.2733 0.7148 0.8931 0.3103 0.2985 0.2867 0.9287 0.0539 0.4796 0.1967 0.4570 0.1169 0.5223 0.2829 0.0961 0.2490 0.8416 0.5119 0.0023 0.9014 0.3190
46 46
14.8153
0.7780 0.6319 0.7888 0.7866 0.1936 0.7458 0.6436 0.2341 0.9810 0.1746 0.8933 0.5887 0.3249 0.6470 0.3305 0.3636 0.2231 0.0109 0.8327 0.7750 0.6624 0.3900 0.2902 0.3422 0.6361 0.3349 0.6618 0.3129 0.8993 0.9523 0.4517 0.2712 0.6109 0.0034 0.8409 0.7925 0.8791 0.6611 0.9725 0.8516 0.4042 0.3392 0.7533 0.7834 0.4173 0.1198
47 47
23.7251
0.3089 0.0626 0.3728 0.9684 0.0501 0.6234 0.0763 0.2432 0.3307 0.9509 0.3968 0.9197 0.1714 0.6261 0.2035 0.9450 0.0652 0.3500 0.5576 0.6830 0.5916 0.3478 0.9571 0.6288 0.9824 0.5206 0.3179 0.9579 0.5188 0.5076 0.2848 0.2598 0.2396 0.5972 0.0934 0.2494 0.1772 0.1634 0.5705 0.0053 0.7839 0.1120 0.0930 0.6465 0.7729 0.2024 0.6979
50 50
0.6901
0.9926 0.9318 0.2665 0.0932 0.7951 0.5154 0.1224 0.5160 0.7255 0.6986 0.2683 0.9641 0.7287 0.3483 0.1546 0.8871 0.5109 0.8091 0.0539 0.7742 0.0507 0.6759 0.3158 0.9438 0.0770 0.2791 0.0857 0.8928 0.5983 0.7205 0.2443 0.6598 0.1090 0.6915 0.7744 0.8265 0.8764 0.8733 0.3337 0.3724 0.2215 0.3303 0.1761 0.3512 0.2108 0.6196 0.2187 0.1842 0.0863 0.7417
47 47
18.2025
0.7794 0.2218 0.4244 0.3082 0.4686 0.9340 0.1795 0.9387 0.4290 0.5250 0.1880 0.7899 0.5981 0.6050 0.9856 0.2017 0.0431 0.1540 0.6426 0.0730 0.5320 0.0546 0.6844 0.4340 0.2298 0.5175 0.7647 0.7274 0.3231 0.0856 0.7547 0.5787 0.8134 0.5435 0.8272 0.8908 0.1824 0.9442 0.7414 0.9926 0.4971 0.5170 0.0224 0.0998 0.1568 0.6172 0.6790
47 47
22.5703
0.9025 0.5772 0.4682 0.7561 0.4272 0.9842 0.5894 0.9434 0.5269 0.0595 0.8917 0.0207 0.6655 0.2957 0.9989 0.9927 0.5582 0.2461 0.4620 0.0798 0.0399 0.2494 0.5307 0.9017 0.9543 0.1388 0.9907 0.9100 0.9547 0.2432 0.3528 0.0305 0.8305 0.8148 0.8296 0.1131 0.1224 0.0819 0.3247 0.2402 0.7834 0.1225 0.6149 0.1464 0.6109 0.4579 0.3052
49 49
22.8460
0.5676 0.2357 0.3651 0.5542 0.2454 0.2420 0.1959 0.8965 0.6332 0.3561 0.7035 0.3366 0.1146 0.9332 0.7062 0.4638 0.6939 0.9129 0.8518 0.2589 0.4670 0.0317 0.6688 0.8719 0.3943 0.1296 0.3050 0.5620 0.5980 0.5109 0.7766 0.1097 0.1021 0.2087 0.7271 0.4246 0.4844 0.3472 0.1040 0.2162 0.5906 0.7727 0.8036 0.6842 0.4597 0.8826 0.5806 0.9371 0.7433
48 48
17.1783
0.5491 0.0143 0.7079 0.0982 0.4043 0.3726 0.9075 0.5641 0.8639 0.7222 0.4497 0.9246 0.6495 0.5843 0.4952 0.4549 0.5431 0.1747 0.4798 0.7455 0.8772 0.1026 0.9501 0.9820 0.0464 0.0371 0.7005 0.5323 0.4367 0.9654 0.7945 0.6296 0.2961 0.6945 0.2003 0.5744 0.1189 0.3955 0.8149 0.4133 0.8541 0.6363 0.1796 0.3593 0.7322 0.9848 0.5302 0.4413
47 47
16.7597
0.1679 0.9024 0.5494 0.0405 0.0751 0.0367 0.6389 0.2813 0.5006 0.0806 0.5144 0.1846 0.9415 0.9406 0.8964 0.9129 0.6832 0.5511 0.9619 0.4968 0.3576 0.3403 0.2746 0.1691 0.2450 0.0909 0.5197 0.1900 0.9514 0.0615 0.4457 0.9272 0.4988 0.3576 0.3300 0.9080 0.8880 0.2916 0.9237 0.2065 0.0966 0.9497 0.2037 0.2270 0.7828 0.7043 0.6497
46 46
18.1305
0.2970 0.6331 0.5143 0.0786 0.6460 0.3117 0.1889 0.9442 0.8735 0.8438 0.6583 0.6251 0.4244 0.6777 0.6583 0.7051 0.8099 0.2003 0.2497 0.5799 0.1821 0.6067 0.9375 0.9998 0.9530 0.5734 0.0282 0.4119 0.6662 0.0248 0.9502 0.7953 0.6772 0.0324 0.8156 0.2706 0.3564 0.1077 0.4413 0.0497 0.9516 0.7088 0.2466 0.5154 0.4595 0.5614
47 47
15.5858
0.5569 0.0120 0.2698 0.7815 0.5016 0.5763 0.6753 0.0583 0.9589 0.0856 0.2023 0.9198 0.2853 0.7312 0.6769 0.2265 0.1757 0.5156 0.6314 0.4052 0.3590 0.9520 0.5521 0.0836 0.4327 0.4200 0.7939 0.7267 0.3865 0.1603 0.4189 0.7135 0.6448 0.8254 0.8516 0.3075 0.3436 0.2432 0.4534 0.9740 0.1104 0.6449 0.2591 0.3289 0.8906 0.9602 0.8246
49 49
18.6718
0.7900 0.1129 0.0263 0.1728 0.1534 0.6015 0.8172 0.7526 0.0583 0.2206 0.0442 0.2593 0.4725 0.8430 0.4281 0.6397 0.2131 0.3191 0.5752 0.6328 0.1286 0.2050 0.4866 0.3697 0.0934 0.3366 0.9170 0.4575 0.2007 0.4885 0.7089 0.8888 0.1560 0.7836 0.7094 0.7996 0.9865 0.9681 0.6552 0.3767 0.3041 0.4768 0.2458 0.6412 0.4896 0.4719 0.8750 0.5089 0.2193
46 46
17.4937
0.9351 0.0232 0.9230 0.0796 0.5659 0.3969 0.0626 0.4983 0.2032 0.7703 0.3902 0.9655 0.4435 0.3715 0.2159 0.9636 0.3173 0.1782 0.1486 0.8536 0.4649 0.3483 0.8195 0.9413 0.3408 0.9948 0.2318 0.8740 0.9048 0.3004 0.1983 0.8279 0.4896 0.8304 0.4166 0.6907 0.8545 0.9882 0.2575 0.7919 0.0414 0.6808 0.5606 0.6473 0.6676 0.6035
1 1
1.0000
0.0000
46 46
18.6438
0.1888 0.0741 0.1152 0.9387 0.3788 0.6553 0.4466 0.0675 0.0804 0.3205 0.4740 0.9429 0.1192 0.9152 0.9180 0.1081 0.3323 0.0574 0.2303 0.7738 0.6643 0.2770 0.0995 0.6824 0.2772 0.6959 0.8088 0.4930 0.3085 0.0822 0.8602 0.4468 0.9557 0.6944 0.7673 0.5206 0.1665 0.0232 0.3321 0.1388 0.3108 0.9622 0.3437 0.2283 0.8305 0.8571
1 1
0.0000
1.0000
2 2
0.3333
0.0000 0.0000
45 45
15.4450
0.2626 0.1964 0.3143 0.9776 0.2785 0.7637 0.2758 0.8493 0.4878 0.7724 0.6577 0.2991 0.4061 0.2633 0.6362 0.4413 0.7789 0.4471 0.0618 0.4685 0.9515 0.1833 0.4835 0.4528 0.8861 0.9285 0.4276 0.9231 0.0356 0.9050 0.5401 0.6971 0.5218 0.6533 0.7779 0.7525 0.7216 0.5286 0.6798 0.3736 0.5103 0.4285 0.6092 0.4321 0.4423
50 50
19.5751
0.7500 0.1367 0.4543 0.8471 0.0210 0.3064 0.5961 0.3602 0.8788 0.0856 0.1845 0.9826 0.7051 0.5185 0.0416 0.1244 0.8010 0.7764 0.5572 0.8963 0.3054 0.3448 0.6818 0.9533 0.5995 0.9745 0.5585 0.0632 0.0308 0.1806 0.1247 0.1870 0.5440 0.4095 0.0671 0.6157 0.1726 0.7153 0.1632 0.1534 0.5782 0.9130 0.5521 0.4748 0.7726 0.2444 0.4687 0.5277 0.3690 0.9664
50 50
0.0049
0.9999 0.9999 0.9999 0.9999 0.9999 0.9999 0.9999 0.9999 0.9999 0.9999 0.9999 0.9999 0.9999 0.9999 0.9999 0.9999 0.9999 0.9999 0.9999 0.9999 0.9999 0.9999 0.9999 0.9999 0.9999 0.9999 0.9999 0.9999 0.9999 0.9999 0.9999 0.9999 0.9999 0.9999 0.9999 0.9999 0.9999 0.9999 0.9999 0.9999 0.9999 0.9999 0.9999 0.9999 0.9999 0.9999 0.9999 0.9999 0.9999 0.9999
45 45
3.5904
0.3892 0.9111 0.3880 0.3308 0.4820 0.1847 0.4465 0.4581 0.2414 0.4972 0.3233 0.1018 0.8075 0.2361 0.3324 0.3655 0.8465 0.6697 0.3028 0.9563 0.7122 0.5679 0.3448 0.4654 0.1272 0.7398 0.6942 0.5776 0.8945 0.4244 0.1720 0.4031 0.2692 0.7976 0.5221 0.4568 0.3252 0.1036 0.4520 0.7715 0.3085 0.1824 0.5127 0.8268 0.7248
47 47
15.4585
0.9942 0.4982 0.9593 0.9590 0.6994 0.9661 0.7446 0.9290 0.3660 0.0397 0.9172 0.8072 0.8185 0.7743 0.1617 0.2558 0.6461 0.7890 0.5945 0.1479 0.0629 0.6513 0.5082 0.0455 0.9253 0.9376 0.6191 0.2545 0.3188 0.8000 0.5721 0.4392 0.9963 0.0556 0.6558 0.2330 0.0639 0.2785 0.3273 0.6749 0.0084 0.1107 0.0857 0.9949 0.4923 0.2162 0.5159
48 48
21.2832
0.3193 0.3620 0.7537 0.3000 0.5841 0.1303 0.8342 0.5299 0.0689 0.3540 0.4339 0.9063 0.0387 0.0526 0.6561 0.5348 0.2848 0.3480 0.6473 0.0629 0.9948 0.4568 0.2629 0.0675 0.9588 0.8676 0.1629 0.7187 0.5071 0.1055 0.3715 0.6519 0.7960 0.6600 0.7758 0.5575 0.8011 0.1807 0.6243 0.0555 0.5096 0.1016 0.2668 0.0389 0.1569 0.0628 0.0770 0.5124
47 47
17.7611
0.1333 0.0792 0.9258 0.7974 0.5048 0.0792 0.4744 0.1439 0.3483 0.6579 0.3388 0.6248 0.5869 0.3544 0.9295 0.1216 0.4347 0.3811 0.7123 0.5667 0.1277 0.8450 0.7247 0.2125 0.9479 0.1696 0.0013 0.1282 0.0611 0.0870 0.2307 0.6869 0.0581 0.7343 0.2638 0.5491 0.7073 0.7101 0.8500 0.5312 0.8875 0.2421 0.8435 0.1015 0.4328 0.7973 0.2892
49 49
19.1742
0.3476 0.2654 0.0324 0.7889 0.8997 0.4052 0.9682 0.5187 0.6691 0.7403 0.6800 0.1919 0.9066 0.6118 0.9876 0.3650 0.8240 0.6273 0.0048 0.4678 0.6197 0.0192 0.2383 0.3876 0.8095 0.3663 0.6568 0.6766 0.9010 0.1814 0.5005 0.9799 0.6322 0.5343 0.8507 0.3835 0.3119 0.1727 0.8422 0.2156 0.3939 0.0020 0.9887 0.4218 0.8077 0.3235 0.2072 0.4332 0.2438
48 48
15.8481
0.0166 0.8295 0.6091 0.2820 0.7067 0.9400 0.5504 0.4519 0.5186 0.3626 0.6144 0.6257 0.4864 0.8175 0.4191 0.7433 0.9067 0.9937 0.5775 0.5615 0.6634 0.8654 0.4201 0.3048 0.4897 0.0936 0.8414 0.4303 0.5396 0.0450 0.7753 0.4439 0.2071 0.8215 0.1217 0.7066 0.8645 0.1386 0.7354 0.3649 0.1720 0.6782 0.8833 0.0097 0.0316 0.7861 0.1693 0.1313
50 50
18.7856
0.3834 0.7019 0.2356 0.5616 0.2957 0.3303 0.8200 0.5548 0.7647 0.9443 0.8750 0.7032 0.3962 0.5710 0.2388 0.7089 0.0988 0.3570 0.0201 0.2097 0.0136 0.2387 0.0150 0.7762 0.5240 0.2387 0.2196 0.5755 0.4855 0.2289 0.6348 0.0470 0.5959 0.4435 0.0278 0.9932 0.7301 0.8691 0.7086 0.8794 0.3440 0.1653 0.9647 0.0575 0.8064 0.6742 0.8902 0.2341 0.5085 0.3910
50 50
50.0000
0.0000 0.0000 0.0000 0.0000 0.0000 0.0000 0.0000 0.0000 0.0000 0.0000 0.0000 0.0000 0.0000 0.0000 0.0000 0.0000 0.0000 0.0000 0.0000 0.0000 0.0000 0.0000 0.0000 0.0000 0.0000 0.0000 0.0000 0.0000 0.0000 0.0000 0.0000 0.0000 0.0000 0.0000 0.0000 0.0000 0.0000 0.0000 0.0000 0.0000 0.0000 0.0000 0.0000 0.0000 0.0000 0.0000 0.0000 0.0000 0.0000 0.0000
4 4
1.3999
0.6000 0.5000 0.8000 0.7000
47 47
2.2784
0.1259 0.7511 0.1277 0.0239 0.1305 0.8278 0.3553 0.6641 0.7586 0.3364 0.1028 0.7958 0.8193 0.1902 0.3084 0.5519 0.9042 0.6852 0.1427 0.6587 0.4354 0.3635 0.9460 0.8156 0.6506 0.7939 0.6483 0.1637 0.5550 0.4923 0.0708 0.9963 0.8840 0.6562 0.2346 0.1539 0.1005 0.1664 0.9917 0.9056 0.1370 0.8419 0.4495 0.9770 0.8489 0.3204 0.2816
46 46
18.4229
0.1491 0.5817 0.4683 0.7213 0.7088 0.5859 0.4819 0.5358 0.5572 0.7540 0.0148 0.2645 0.7589 0.4144 0.2086 0.0894 0.7665 0.0452 0.1924 0.8645 0.9977 0.8003 0.2347 0.3359 0.6984 0.2554 0.1111 0.2377 0.0747 0.5395 0.0995 0.7539 0.5163 0.5590 0.1499 0.5635 0.3682 0.1973 0.9153 0.0113 0.1093 0.2286 0.4927 0.4198 0.3086 0.8646
49 49
18.0524
0.3252 0.5966 0.0652 0.9495 0.7837 0.4307 0.6714 0.7975 0.5721 0.7525 0.1549 0.8441 0.5618 0.7201 0.5581 0.2443 0.2167 0.3373 0.4973 0.6523 0.7476 0.4919 0.6184 0.7132 0.9386 0.8172 0.4497 0.8971 0.4820 0.3016 0.1414 0.2427 0.8980 0.2811 0.5252 0.1057 0.0233 0.3537 0.5783 0.9961 0.3635 0.3843 0.5105 0.9974 0.2514 0.2744 0.1806 0.5889 0.4547
45 45
17.8001
0.4233 0.3714 0.8330 0.7897 0.3373 0.4676 0.4283 0.0029 0.1207 0.9375 0.4585 0.8382 0.0627 0.5908 0.8114 0.9311 0.2698 0.5242 0.9591 0.3140 0.3043 0.1032 0.3525 0.9595 0.8851 0.8510 0.2223 0.2857 0.5610 0.4678 0.0182 0.1228 0.7958 0.5101 0.9497 0.8431 0.3430 0.4375 0.0733 0.2152 0.9630 0.7142 0.7894 0.5202 0.3496
50 50
18.2159
0.5641 0.7447 0.3605 0.6249 0.9265 0.8285 0.2105 0.0037 0.0758 0.3792 0.3170 0.5505 0.0127 0.2332 0.9874 0.9438 0.0459 0.8259 0.6717 0.1300 0.0242 0.3090 0.6698 0.6661 0.2784 0.3789 0.6885 0.6252 0.9607 0.0681 0.1964 0.2956 0.7581 0.5249 0.4645 0.1500 0.0992 0.2010 0.3490 0.6100 0.6958 0.3081 0.3097 0.5832 0.5686 0.0954 0.9780 0.1792 0.9755 0.4956
48 48
19.0081
0.9461 0.7597 0.1307 0.5735 0.8441 0.5570 0.6179 0.7683 0.3401 0.1964 0.5174 0.6377 0.4727 0.8022 0.2384 0.0726 0.7178 0.0124 0.2460 0.2068 0.3529 0.6796 0.8772 0.6529 0.3918 0.0178 0.6143 0.4635 0.5020 0.9590 0.6396 0.1391 0.1510 0.4354 0.6394 0.2272 0.8485 0.2722 0.0915 0.5528 0.3196 0.6778 0.6998 0.5956 0.4628 0.7117 0.5989 0.4621
46 46
16.9294
0.9589 0.5921 0.9495 0.4305 0.9020 0.5256 0.8751 0.6858 0.2697 0.1792 0.7623 0.6820 0.2588 0.0637 0.3526 0.0368 0.5628 0.8913 0.6466 0.6920 0.8546 0.3413 0.1111 0.7725 0.2674 0.1368 0.0377 0.8771 0.7261 0.8818 0.3594 0.9168 0.6306 0.0010 0.5962 0.2477 0.1850 0.1621 0.8836 0.5276 0.1252 0.2405 0.7223 0.2226 0.5891 0.0266
2 2
0.5000
0.5000 0.5000
48 48
18.8923
0.4398 0.8465 0.0908 0.5113 0.1018 0.4866 0.1536 0.9137 0.1092 0.1908 0.4962 0.2113 0.1328 0.0253 0.7589 0.4653 0.5671 0.5500 0.7560 0.8510 0.9721 0.1305 0.6734 0.9601 0.8834 0.0341 0.4637 0.4805 0.6987 0.2097 0.2676 0.4626 0.9577 0.2404 0.3413 0.6162 0.2466 0.1613 0.7996 0.8925 0.3705 0.2752 0.8249 0.0929 0.5774 0.1714 0.6617 0.9130
48 48
18.0416
0.2018 0.2508 0.1489 0.2580 0.7655 0.3790 0.3649 0.4526 0.1241 0.5841 0.4304 0.3775 0.0458 0.9798 0.9584 0.1949 0.8421 0.6810 0.0514 0.4635 0.6874 0.8090 0.3837 0.6967 0.0726 0.2961 0.3378 0.0139 0.5375 0.0991 0.5667 0.7770 0.4422 0.6382 0.5736 0.1032 0.8697 0.3135 0.2572 0.0580 0.4779 0.4053 0.9698 0.9960 0.3938 0.0715 0.9165 0.6865
46 46
21.1653
0.7071 0.1114 0.1455 0.1654 0.4632 0.8860 0.8008 0.2799 0.9042 0.8433 0.2964 0.5833 0.0013 0.2676 0.2581 0.0358 0.5917 0.7608 0.9601 0.7796 0.0556 0.8785 0.3454 0.1841 0.7633 0.3465 0.1081 0.7295 0.0343 0.0206 0.4920 0.0804 0.4005 0.0863 0.0148 0.9651 0.6681 0.9590 0.5810 0.5885 0.7297 0.2594 0.4337 0.3892 0.3865 0.3813
48 48
22.7029
0.7901 0.9055 0.8962 0.3758 0.8348 0.9617 0.5227 0.4451 0.1627 0.1609 0.9603 0.8576 0.1122 0.7164 0.1815 0.3450 0.7872 0.2779 0.3538 0.1097 0.6476 0.9409 0.8773 0.1229 0.5436 0.4803 0.5842 0.3066 0.5235 0.0074 0.2390 0.8897 0.0847 0.8044 0.8713 0.4717 0.4138 0.1932 0.4205 0.0562 0.7560 0.0386 0.4602 0.4382 0.7312 0.3562 0.6968 0.9624
49 49
17.3366
0.8744 0.2254 0.4325 0.5928 0.8112 0.3423 0.4964 0.3214 0.6878 0.2251 0.8251 0.9202 0.6922 0.4456 0.3869 0.7026 0.5779 0.5147 0.0117 0.2632 0.1945 0.8881 0.3167 0.9052 0.5833 0.7695 0.0731 0.2695 0.4679 0.0295 0.4977 0.2220 0.3098 0.1464 0.6406 0.7722 0.0257 0.3399 0.8141 0.9220 0.0139 0.9204 0.4617 0.6297 0.4764 0.4599 0.2536 0.5159 0.4149
47 47
19.3319
0.5658 0.0030 0.0646 0.8065 0.5998 0.5454 0.3168 0.0705 0.8899 0.5264 0.9734 0.1704 0.3202 0.2008 0.5029 0.9811 0.5947 0.0043 0.9237 0.5911 0.6747 0.0660 0.9808 0.9477 0.2236 0.7913 0.9744 0.5888 0.9635 0.9507 0.4801 0.6337 0.1462 0.2159 0.8388 0.2485 0.5346 0.3483 0.8041 0.1545 0.1318 0.8686 0.4986 0.4899 0.5597 0.2184 0.4889
47 47
15.5908
0.8797 0.2040 0.3707 0.8674 0.4577 0.6142 0.4821 0.3955 0.4332 0.9612 0.8826 0.4812 0.9250 0.8910 0.6024 0.5459 0.8040 0.1464 0.1718 0.6264 0.5050 0.4692 0.5101 0.5244 0.2142 0.7598 0.1753 0.7649 0.8614 0.5694 0.6768 0.2405 0.9656 0.9678 0.7853 0.3968 0.0006 0.8121 0.5056 0.2771 0.5452 0.7932 0.4364 0.1082 0.1799 0.0867 0.9404
49 49
19.7357
0.9525 0.6888 0.5632 0.9709 0.9326 0.0929 0.0646 0.4929 0.3437 0.6847 0.3249 0.0611 0.8435 0.2085 0.2104 0.4228 0.8073 0.8250 0.0250 0.3641 0.2401 0.6046 0.2611 0.7612 0.0360 0.9594 0.6612 0.4436 0.2320 0.2891 0.9961 0.3161 0.9687 0.0925 0.4645 0.0007 0.4810 0.2580 0.0567 0.3142 0.0235 0.1941 0.5227 0.4947 0.1475 0.2826 0.2190 0.3994 0.5276
50 50
0.0000
0.8700 0.8700 0.8700 0.8700 0.8700 0.8700 0.8700 0.8700 0.8700 0.8700 0.8700 0.8700 0.8700 0.8700 0.8700 0.8700 0.8700 0.8700 0.8700 0.8700 0.8700 0.8700 0.8700 0.8700 0.8700 0.8700 0.8700 0.8700 0.8700 0.8700 0.8700 0.8700 0.8700 0.8700 0.8700 0.8700 0.8700 0.8700 0.8700 0.8700 0.8700 0.8700 0.8700 0.8700 0.8700 0.8700 0.8700 0.8700 0.8700 0.8700
48 48
15.8424
0.8127 0.9518 0.7634 0.8980 0.2928 0.8327 0.6068 0.4874 0.4916 0.8069 0.3582 0.9074 0.1685 0.4548 0.5086 0.7414 0.8967 0.8069 0.6801 0.5409 0.2403 0.5153 0.9385 0.9715 0.9010 0.1646 0.1357 0.6204 0.4892 0.6680 0.6921 0.5026 0.1961 0.7969 0.6928 0.6305 0.0837 0.3870 0.9535 0.9669 0.6833 0.4847 0.1123 0.0067 0.3888 0.4234 0.7124 0.2659
48 48
20.4135
0.4206 0.3029 0.7752 0.8329 0.5645 0.6595 0.7613 0.3499 0.6840 0.1728 0.9975 0.0238 0.9486 0.5470 0.8568 0.8166 0.4254 0.3120 0.2169 0.7185 0.4237 0.3040 0.7076 0.4690 0.5591 0.8641 0.6083 0.0732 0.6847 0.8997 0.0705 0.8115 0.8853 0.2037 0.5875 0.5531 0.7036 0.3583 0.6156 0.7573 0.2968 0.6682 0.9707 0.5327 0.2331 0.0307 0.6853 0.1718
50 50
1.0000
0.0000 0.0000 0.0000 0.0000 0.0000 0.0000 0.0000 0.0000 0.0000 0.0000 0.0000 0.0000 0.0000 0.0000 0.0000 0.0000 0.0000 0.0000 0.0000 0.0000 0.0000 0.0000 0.0000 0.0000 0.0000 0.0000 0.0000 0.0000 0.0000 0.0000 0.0000 0.0000 0.0000 0.0000 0.0000 0.0000 0.0000 0.0000 0.0000 0.0000 0.0000 0.0000 0.0000 0.0000 0.0000 0.0000 0.0000 0.0000 0.0000 0.0000
49 49
19.2425
0.7139 0.8227 0.8655 0.7366 0.1854 0.6813 0.3291 0.7160 0.7725 0.8597 0.9046 0.7691 0.9456 0.1232 0.7116 0.5511 0.8214 0.1059 0.4130 0.9834 0.4154 0.5325 0.9423 0.8260 0.0031 0.3014 0.3064 0.4300 0.9618 0.8251 0.4087 0.9807 0.1263 0.1661 0.8920 0.4118 0.9875 0.0371 0.8258 0.8881 0.9419 0.1052 0.3576 0.0686 0.2404 0.6327 0.5623 0.8069 0.7657
49 49
22.5936
0.4626 0.5622 0.1328 0.7610 0.0092 0.8497 0.3004 0.9579 0.6133 0.2283 0.8522 0.4020 0.7230 0.4265 0.3495 0.9155 0.0714 0.1866 0.1485 0.8755 0.1111 0.3244 0.4083 0.7897 0.4013 0.7938 0.8091 0.1278 0.3768 0.2331 0.7224 0.4196 0.4914 0.4115 0.3716 0.9388 0.0303 0.5950 0.3574 0.2299 0.3212 0.2393 0.5846 0.5448 0.0286 0.4085 0.8149 0.2813 0.6995
2 2
0.0000
1.0000 1.0000
50 50
1.0000
0.3333 0.3333 0.3333 0.3333 0.3333 0.3333 0.3333 0.3333 0.3333 0.3333 0.3333 0.3333 0.3333 0.3333 0.3333 0.3333 0.3333 0.3333 0.3333 0.3333 0.3333 0.3333 0.3333 0.3333 0.3333 0.3333 0.3333 0.3333 0.3333 0.3333 0.3333 0.3333 0.3333 0.3333 0.3333 0.3333 0.3333 0.3333 0.3333 0.3333 0.3333 0.3333 0.3333 0.3333 0.3333 0.3333 0.3333 0.3333 0.3333 0.3333
49 49
17.7123
0.3926 0.5406 0.4190 0.4685 0.3346 0.4662 0.3208 0.9675 0.9845 0.1324 0.0846 0.1436 0.8460 0.5504 0.5605 0.2181 0.2922 0.6827 0.3756 0.1238 0.6897 0.8398 0.6945 0.4542 0.4075 0.5019 0.7038 0.7978 0.3090 0.0553 0.7529 0.3798 0.6224 0.6975 0.0115 0.3322 0.6421 0.7278 0.8985 0.8627 0.1165 0.6507 0.2539 0.5595 0.3078 0.8673 0.8654 0.5200 0.0305
46 46
23.0137
0.2258 0.2633 0.4771 0.2485 0.4417 0.0362 0.0979 0.7154 0.6408 0.7607 0.7391 0.4093 0.5036 0.6076 0.0779 0.7640 0.3312 0.8512 0.1025 0.1656 0.1839 0.6198 0.3565 0.5256 0.7055 0.3338 0.1468 0.4912 0.3230 0.2551 0.7903 0.9760 0.3339 0.7990 0.1061 0.1480 0.6957 0.9403 0.8067 0.6651 0.2227 0.5712 0.7583 0.0696 0.5189 0.2407
4 4
0.0001
0.0000 0.0000 0.0000 0.0000
46 46
25.3182
0.8402 0.8819 0.5685 0.5447 0.4157 0.0009 0.4286 0.0210 0.9789 0.0763 0.1225 0.4764 0.0463 0.0882 0.1651 0.1392 0.7803 0.0326 0.7607 0.2486 0.4000 0.4327 0.4710 0.2038 0.0341 0.7616 0.8787 0.9551 0.5872 0.9492 0.4086 0.8415 0.1981 0.6054 0.6874 0.2068 0.2678 0.6772 0.7871 0.3510 0.1811 0.4773 0.2744 0.8550 0.1411 0.0470
50 50
20.3155
0.3934 0.7058 0.6418 0.6595 0.2452 0.7759 0.6372 0.7692 0.2231 0.9866 0.0567 0.7947 0.6050 0.3829 0.4371 0.4093 0.9400 0.4841 0.8362 0.1767 0.6697 0.6950 0.1937 0.4969 0.7433 0.7825 0.4269 0.6576 0.7800 0.5278 0.2261 0.7963 0.1772 0.3830 0.6924 0.3801 0.5395 0.4956 0.5637 0.1732 0.2062 0.6604 0.2411 0.1872 0.2286 0.8033 0.7892 0.7665 0.5413 0.2707
46 46
19.7500
0.1005 0.3088 0.5742 0.5921 0.4095 0.3118 0.9377 0.2811 0.1577 0.8539 0.7370 0.2474 0.1358 0.4585 0.7609 0.1502 0.6337 0.4550 0.4973 0.3773 0.3807 0.9474 0.0096 0.2911 0.4045 0.7866 0.3116 0.7797 0.2908 0.4608 0.5908 0.2543 0.4932 0.3624 0.0177 0.3423 0.0598 0.3360 0.8087 0.2548 0.0452 0.2782 0.0244 0.3592 0.5412 0.3836
47 47
21.4041
0.0274 0.2399 0.7904 0.3132 0.3661 0.2271 0.8057 0.0243 0.4773 0.6978 0.6410 0.9207 0.6875 0.3204 0.8486 0.3539 0.0107 0.9598 0.7148 0.5961 0.0691 0.5860 0.6809 0.2620 0.9339 0.8910 0.0517 0.5258 0.1335 0.0652 0.5323 0.6284 0.9180 0.0291 0.3164 0.0556 0.6709 0.7996 0.5880 0.3826 0.9860 0.2529 0.0684 0.9353 0.8345 0.8902 0.3409
1 1
0.5000
0.5000
45 45
18.5772
0.8932 0.5750 0.5389 0.1138 0.5063 0.6207 0.5144 0.6571 0.3067 0.8876 0.0768 0.7811 0.3699 0.6664 0.3665 0.7265 0.6911 0.4514 0.3072 0.9615 0.0630 0.3737 0.4442 0.4473 0.5551 0.2774 0.2254 0.4560 0.3919 0.7650 0.7279 0.3180 0.5806 0.1758 0.4606 0.6330 0.7649 0.7276 0.9104 0.0850 0.5622 0.7328 0.5003 0.5927 0.9379
48 48
14.1537
0.4468 0.8756 0.3213 0.3734 0.7232 0.2620 0.8250 0.4876 0.6068 0.0507 0.6984 0.9526 0.3361 0.2920 0.7308 0.3754 0.2699 0.6542 0.9717 0.3722 0.6801 0.1925 0.1276 0.7153 0.9431 0.1533 0.8174 0.0712 0.9981 0.7267 0.8346 0.4706 0.9510 0.3218 0.5021 0.7843 0.8367 0.9351 0.2922 0.7449 0.1617 0.7633 0.5987 0.8876 0.8014 0.3151 0.0208 0.7984
50 50
0.0000
0.8765 0.8765 0.8765 0.8765 0.8765 0.8765 0.8765 0.8765 0.8765 0.8765 0.8765 0.8765 0.8765 0.8765 0.8765 0.8765 0.8765 0.8765 0.8765 0.8765 0.8765 0.8765 0.8765 0.8765 0.8765 0.8765 0.8765 0.8765 0.8765 0.8765 0.8765 0.8765 0.8765 0.8765 0.8765 0.8765 0.8765 0.8765 0.8765 0.8765 0.8765 0.8765 0.8765 0.8765 0.8765 0.8765 0.8765 0.8765 0.8765 0.8765
50 50
16.0157
0.7736 0.2262 0.5365 0.7430 0.9797 0.0008 0.0708 0.8615 0.2834 0.9660 0.1445 0.3270 0.9094 0.1164 0.8864 0.1226 0.2761 0.6292 0.4295 0.4981 0.4718 0.5412 0.2142 0.9756 0.6473 0.6612 0.0458 0.1404 0.8875 0.5212 0.5607 0.4076 0.8931 0.5816 0.8827 0.8863 0.8710 0.9476 0.9301 0.2004 0.3937 0.7019 0.7472 0.5154 0.2172 0.8616 0.1624 0.7252 0.1172 0.9491
46 46
16.1828
0.9485 0.5144 0.3561 0.9418 0.8519 0.9850 0.8737 0.0616 0.3747 0.3666 0.6756 0.0026 0.2727 0.2205 0.1289 0.7948 0.0553 0.3725 0.0459 0.9238 0.6982 0.1356 0.4896 0.9477 0.2419 0.5670 0.0300 0.1192 0.0899 0.4526 0.8930 0.4376 0.8312 0.6407 0.8895 0.4022 0.0489 0.3805 0.8705 0.6429 0.3144 0.2843 0.4341 0.7956 0.1837 0.7776
49 49
2.2603
0.7481 0.5154 0.7809 0.6125 0.0852 0.8354 0.8561 0.1329 0.2869 0.4266 0.2368 0.7444 0.6873 0.2235 0.7213 0.1679 0.7001 0.8491 0.2831 0.4379 0.7064 0.4856 0.7932 0.4606 0.3545 0.6047 0.5509 0.0739 0.5347 0.1160 0.7694 0.2017 0.3850 0.1762 0.5352 0.3106 0.8691 0.4581 0.4795 0.5165 0.5337 0.6857 0.5095 0.6942 0.0706 0.8378 0.2062 0.9229 0.7961
48 48
17.5464
0.9745 0.5520 0.1481 0.8366 0.2690 0.9901 0.4705 0.4705 0.5742 0.2454 0.1856 0.1854 0.8170 0.7040 0.3806 0.5056 0.0007 0.9290 0.2147 0.4224 0.8483 0.0239 0.8511 0.5262 0.8619 0.6560 0.8116 0.1830 0.6023 0.2412 0.2843 0.9766 0.9180 0.6421 0.8424 0.9330 0.9633 0.8941 0.5548 0.0904 0.8342 0.4875 0.5004 0.4324 0.3309 0.4698 0.1552 0.8984
49 49
26.1063
0.9707 0.9287 0.5317 0.0318 0.0705 0.0599 0.2434 0.1385 0.4873 0.2067 0.8951 0.6785 0.9498 0.2920 0.9205 0.8831 0.5071 0.3652 0.7966 0.6877 0.6055 0.7851 0.4682 0.1030 0.3534 0.1835 0.2840 0.6380 0.6584 0.1299 0.0373 0.3611 0.0456 0.5812 0.4888 0.2769 0.3231 0.5611 0.4823 0.0904 0.3522 0.0506 0.4317 0.0317 0.8739 0.9894 0.3489 0.2408 0.6551
1 1
0.3333
0.0000
50 50
33.3350
0.3333 0.3333 0.3333 0.3333 0.3333 0.3333 0.3333 0.3333 0.3333 0.3333 0.3333 0.3333 0.3333 0.3333 0.3333 0.3333 0.3333 0.3333 0.3333 0.3333 0.3333 0.3333 0.3333 0.3333 0.3333 0.3333 0.3333 0.3333 0.3333 0.3333 0.3333 0.3333 0.3333 0.3333 0.3333 0.3333 0.3333 0.3333 0.3333 0.3333 0.3333 0.3333 0.3333 0.3333 0.3333 0.3333 0.3333 0.3333 0.3333 0.3333
50 50
15.2635
0.1476 0.6726 0.0993 0.8063 0.1689 0.2587 0.8063 0.3042 0.6217 0.7542 0.8142 0.6779 0.9805 0.5284 0.5124 0.2716 0.6952 0.1135 0.9662 0.9480 0.2855 0.6721 0.9950 0.4710 0.9797 0.8113 0.2173 0.5740 0.1011 0.3287 0.4788 0.6835 0.7932 0.7026 0.2491 0.5192 0.7680 0.9199 0.7710 0.5078 0.0817 0.3359 0.8116 0.1485 0.9887 0.6051 0.6924 0.9645 0.2984 0.3496
50 50
19.3674
0.3373 0.1760 0.9483 0.7583 0.5241 0.4746 0.6202 0.1373 0.2995 0.3334 0.6866 0.1407 0.5917 0.4055 0.9102 0.5397 0.1882 0.8408 0.3374 0.8403 0.5527 0.5387 0.3746 0.1580 0.1280 0.3084 0.5015 0.0610 0.3172 0.3799 0.1588 0.8975 0.9430 0.0955 0.5729 0.3947 0.1068 0.8235 0.3092 0.7741 0.4223 0.6211 0.2985 0.0108 0.1223 0.2933 0.3281 0.1789 0.3934 0.3845
47 47
0.5837
0.5956 0.1291 0.5373 0.7335 0.5646 0.8177 0.7741 0.6048 0.4499 0.1213 0.7619 0.5064 0.2637 0.2976 0.7970 0.5026 0.0304 0.4740 0.4096 0.9918 0.7012 0.4186 0.5603 0.3682 0.3154 0.9137 0.3950 0.6586 0.2756 0.6696 0.0082 0.6248 0.3793 0.0343 0.9160 0.8867 0.3602 0.8463 0.1457 0.7999 0.8283 0.8003 0.2916 0.6131 0.8738 0.8207 0.7167
46 46
19.3993
0.6612 0.3765 0.6753 0.5709 0.2298 0.3422 0.8132 0.3689 0.1872 0.6200 0.6394 0.3308 0.8806 0.1010 0.9816 0.1456 0.3423 0.5383 0.9076 0.9303 0.6358 0.2636 0.1773 0.3866 0.2703 0.9635 0.6278 0.9493 0.3178 0.1241 0.7303 0.7769 0.3249 0.7807 0.1808 0.4513 0.2669 0.6856 0.8474 0.7235 0.1396 0.7981 0.1938 0.4879 0.3252 0.4998
1 1
0.3333
0.5000
