100
4 4
1.4000
0.5000 0.7000 0.8000 0.6000
2 2
1.0000
0.0000 0.0000
2 2
0.0000
0.9000 0.8000
2 2
0.1000
0.4000 0.5000
47 47
18.1242
0.8204 0.4549 0.0490 0.2881 0.4796 0.9111 0.3363 0.2214 0.7322 0.9168 0.2305 0.1720 0.2799 0.6389 0.5298 0.7765 0.2749 0.8072 0.3146 0.5776 0.9148 0.2752 0.7345 0.4625 0.5188 0.5895 0.6032 0.0349 0.0153 0.4311 0.7091 0.0581 0.3072 0.9425 0.7843 0.4372 0.4303 0.0551 0.8208 0.6253 0.3959 0.0875 0.3427 0.7686 0.3259 0.1536 0.7513
46 46
17.1443
0.3237 0.9423 0.4195 0.0297 0.5447 0.3846 0.9693 0.1861 0.2482 0.3852 0.1165 0.1800 0.5957 0.6138 0.4334 0.2406 0.2762 0.4100 0.6373 0.7707 0.2965 0.6000 0.0290 0.2287 0.0555 0.4226 0.2667 0.3755 0.2551 0.4731 0.7660 0.9221 0.6087 0.3178 0.8825 0.7622 0.6328 0.1418 0.8752 0.6806 0.4993 0.8452 0.0677 0.1696 0.1970 0.6962
49 49
24.2496
0.9788 0.6305 0.3268 0.8872 0.7021 0.0890 0.1446 0.9404 0.7158 0.0637 0.1144 0.3544 0.9162 0.9043 0.5887 0.7019 0.2002 0.0271 0.6525 0.8475 0.0425 0.5268 0.9570 0.6795 0.7146 0.8497 0.4557 0.0726 0.4170 0.6421 0.2888 0.1789 0.3553 0.4896 0.2172 0.7142 0.0036 0.8130 0.3200 0.6131 0.1913 0.1021 0.6772 0.9099 0.0737 0.4668 0.9134 0.3929 0.7346
47 47
21.3507
0.4556 0.0054 0.8586 0.6623 0.1655 0.2306 0.3508 0.6824 0.0212 0.1308 0.8407 0.7160 0.2563 0.7274 0.6781 0.4424 0.9410 0.6931 0.3561 0.5243 0.1627 0.1073 0.5483 0.0103 0.2901 0.9573 0.2266 0.6135 0.1157 0.0970 0.0782 0.7754 0.9874 0.3889 0.0801 0.0307 0.1748 0.4104 0.5723 0.3434 0.9010 0.3369 0.3790 0.1217 0.6206 0.8583 0.6359
50 50
17.7929
0.1000 0.6250 0.1094 0.6841 0.8530 0.1264 0.4932 0.4173 0.9546 0.7637 0.3159 0.7105 0.0627 0.6173 0.4164 0.0945 0.0209 0.0610 0.6628 0.1289 0.0845 0.8015 0.9170 0.8930 0.0695 0.5486 0.8535 0.1911 0.6218 0.6318 0.1797 0.5125 0.3533 0.5613 0.8329 0.9789 0.0399 0.2666 0.3523 0.3292 0.7219 0.6383 0.3782 0.3287 0.9455 0.4791 0.6527 0.0493 0.8307 0.8583
50 50
19.0604
0.3984 0.4244 0.0983 0.6932 0.6087 0.4930 0.7367 0.8769 0.1476 0.5674 0.0213 0.4567 0.9500 0.8760 0.6180 0.1489 0.0819 0.8586 0.0979 0.8843 0.7291 0.2205 0.2682 0.9700 0.2709 0.7106 0.2932 0.3905 0.7299 0.1988 0.3123 0.3830 0.3285 0.3923 0.8070 0.6321 0.2348 0.7639 0.0529 0.8912 0.7031 0.9586 0.9839 0.6312 0.7296 0.9559 0.8586 0.2491 0.3086 0.0587
50 50
0.0000
0.8765 0.8765 0.8765 0.8765 0.8765 0.8765 0.8765 0.8765 0.8765 0.8765 0.8765 0.8765 0.8765 0.8765 0.8765 0.8765 0.8765 0.8765 0.8765 0.8765 0.8765 0.8765 0.8765 0.8765 0.8765 0.8765 0.8765 0.8765 0.8765 0.8765 0.8765 0.8765 0.8765 0.8765 0.8765 0.8765 0.8765 0.8765 0.8765 0.8765 0.8765 0.8765 0.8765 0.8765 0.8765 0.8765 0.8765 0.8765 0.8765 0.8765
50 50
0.0000
0.9999 0.9999 0.9999 0.9999 0.9999 0.9999 0.9999 0.9999 0.9999 0.9999 0.9999 0.9999 0.9999 0.9999 0.9999 0.9999 0.9999 0.9999 0.9999 0.9999 0.9999 0.9999 0.9999 0.9999 0.9999 0.9999 0.9999 0.9999 0.9999 0.9999 0.9999 0.9999 0.9999 0.9999 0.9999 0.9999 0.9999 0.9999 0.9999 0.9999 0.9999 0.9999 0.9999 0.9999 0.9999 0.9999 0.9999 0.9999 0.9999 0.9999
48 48
18.8178
0.8591 0.8981 0.3323 0.1140 0.3017 0.1474 0.9594 0.1012 0.6493 0.9800 0.7347 0.4148 0.9485 0.3216 0.3499 0.5205 0.3203 0.7610 0.0755 0.1993 0.5255 0.8935 0.8689 0.2122 0.4684 0.4450 0.8406 0.0932 0.3700 0.8017 0.6490 0.3832 0.1157 0.3922 0.1912 0.0982 0.3066 0.7094 0.5376 0.9451 0.6099 0.2749 0.2910 0.6239 0.4546 0.3396 0.6783 0.3333
50 50
18.4276
0.0625 0.6058 0.4821 0.8185 0.0433 0.0366 0.1359 0.4370 0.1029 0.4885 0.9029 0.8944 0.0490 0.4986 0.6397 0.6195 0.6801 0.5632 0.2560 0.5081 0.4313 0.9586 0.1744 0.3482 0.4512 0.8266 0.0743 0.8545 0.8288 0.7669 0.4615 0.9923 0.1012 0.9380 0.1635 0.6661 0.2992 0.8347 0.9584 0.3108 0.7799 0.3863 0.2421 0.9523 0.2487 0.3712 0.5978 0.8270 0.0132 0.4389
50 50
33.3350
0.3333 0.3333 0.3333 0.3333 0.3333 0.3333 0.3333 0.3333 0.3333 0.3333 0.3333 0.3333 0.3333 0.3333 0.3333 0.3333 0.3333 0.3333 0.3333 0.3333 0.3333 0.3333 0.3333 0.3333 0.3333 0.3333 0.3333 0.3333 0.3333 0.3333 0.3333 0.3333 0.3333 0.3333 0.3333 0.3333 0.3333 0.3333 0.3333 0.3333 0.3333 0.3333 0.3333 0.3333 0.3333 0.3333 0.3333 0.3333 0.3333 0.3333
49 49
23.2634
0.9498 0.4979 0.5490 0.7872 0.3606 0.4118 0.0734 0.2808 0.9323 0.2166 0.9280 0.0907 0.6240 0.1736 0.9125 0.4219 0.3412 0.3198 0.1416 0.6095 0.3053 0.9795 0.4016 0.0549 0.4698 0.0945 0.3245 0.1220 0.7422 0.5181 0.2124 0.7808 0.4867 0.2696 0.6890 0.5286 0.2406 0.7486 0.3647 0.8329 0.0284 0.8275 0.7355 0.2675 0.0404 0.3580 0.7661 0.3979 0.8721
50 50
23.2901
0.8558 0.9691 0.0866 0.4909 0.2585 0.0547 0.4900 0.9512 0.8524 0.9748 0.4148 0.2024 0.2492 0.3905 0.7571 0.2521 0.3170 0.4028 0.7447 0.9808 0.3154 0.3101 0.8305 0.1544 0.3338 0.1104 0.4161 0.8388 0.1847 0.3018 0.0916 0.2278 0.2850 0.6032 0.6181 0.0009 0.5599 0.0498 0.1449 0.8002 0.4568 0.2049 0.9192 0.5285 0.4645 0.4922 0.0320 0.9438 0.6217 0.3202
49 49
19.5387
0.3721 0.2190 0.6336 0.1174 0.7021 0.8827 0.9596 0.2603 0.8119 0.3318 0.3221 0.5739 0.4551 0.9605 0.2802 0.8108 0.5273 0.2501 0.4670 0.1279 0.9573 0.0821 0.8463 0.6679 0.3228 0.9773 0.9027 0.4640 0.0925 0.4356 0.7353 0.7604 0.0046 0.7835 0.6972 0.0649 0.4149 0.1541 0.9637 0.2832 0.5207 0.3654 0.9939 0.8069 0.7687 0.6296 0.9183 0.6288 0.5847
49 49
24.3075
0.7545 0.0633 0.0618 0.4255 0.1380 0.8293 0.4756 0.9902 0.7578 0.3242 0.0455 0.0222 0.5637 0.3999 0.8706 0.9809 0.1016 0.0748 0.5318 0.8532 0.7958 0.6690 0.0917 0.4206 0.9234 0.7958 0.7607 0.1832 0.6207 0.9000 0.6246 0.4911 0.0913 0.1746 0.8516 0.3889 0.2228 0.5920 0.3610 0.1278 0.9637 0.4803 0.0136 0.2675 0.5729 0.1519 0.1566 0.8830 0.5992
50 50
22.0688
0.1290 0.1364 0.0109 0.3739 0.9975 0.2144 0.0917 0.9291 0.4622 0.7154 0.2861 0.1244 0.5210 0.2802 0.9312 0.2715 0.3567 0.3198 0.0582 0.9919 0.4521 0.6127 0.1554 0.2390 0.4206 0.6712 0.1104 0.2375 0.8004 0.4282 0.5214 0.5973 0.7307 0.3016 0.6186 0.4939 0.1834 0.6629 0.7798 0.4209 0.2348 0.7810 0.9989 0.6132 0.0450 0.8521 0.1916 0.5345 0.6992 0.4896
47 47
0.5837
0.7335 0.8177 0.2976 0.6696 0.9918 0.8738 0.7741 0.5373 0.5064 0.5026 0.7999 0.3602 0.5956 0.9137 0.3154 0.2916 0.7619 0.0343 0.3793 0.0304 0.4096 0.3682 0.6048 0.6131 0.9160 0.5603 0.3950 0.8463 0.4186 0.4740 0.7167 0.8207 0.5646 0.2756 0.1457 0.7970 0.4499 0.2637 0.7012 0.8283 0.6248 0.8003 0.0082 0.1291 0.6586 0.1213 0.8867
50 50
23.2230
0.2913 0.9979 0.6316 0.6826 0.7977 0.8221 0.7923 0.9214 0.0316 0.7004 0.4247 0.5759 0.2724 0.5620 0.6546 0.2388 0.3523 0.5847 0.5703 0.4614 0.7203 0.0062 0.7045 0.6278 0.0075 0.1189 0.1861 0.0599 0.4634 0.0849 0.4098 0.5958 0.5936 0.7338 0.5559 0.0526 0.0925 0.9886 0.3801 0.3279 0.0891 0.6175 0.3746 0.4223 0.8073 0.0359 0.7012 0.4899 0.3537 0.3531
49 49
20.1312
0.3502 0.9117 0.4568 0.9286 0.7244 0.3378 0.3526 0.3174 0.6148 0.7905 0.5930 0.6276 0.0357 0.9709 0.0359 0.4468 0.4922 0.9605 0.0383 0.8147 0.4837 0.0664 0.8221 0.7183 0.6227 0.3685 0.5269 0.1226 0.9240 0.0306 0.3863 0.1421 0.6439 0.4790 0.6115 0.1700 0.9374 0.3634 0.6442 0.6691 0.0758 0.5726 0.7536 0.4527 0.5296 0.6071 0.8888 0.0033 0.9226
50 50
0.0000
1.0000 1.0000 1.0000 1.0000 1.0000 1.0000 1.0000 1.0000 1.0000 1.0000 1.0000 1.0000 1.0000 1.0000 1.0000 1.0000 1.0000 1.0000 1.0000 1.0000 1.0000 1.0000 1.0000 1.0000 1.0000 1.0000 1.0000 1.0000 1.0000 1.0000 1.0000 1.0000 1.0000 1.0000 1.0000 1.0000 1.0000 1.0000 1.0000 1.0000 1.0000 1.0000 1.0000 1.0000 1.0000 1.0000 1.0000 1.0000 1.0000 1.0000
1 1
0.3333
0.0000
50 50
24.1188
0.5503 0.1505 0.3757 0.1082 0.6011 0.0059 0.7689 0.8397 0.3642 0.1187 0.4285 0.5327 0.8869 0.0454 0.5252 0.2796 0.3183 0.9704 0.8034 0.1913 0.7751 0.3746 0.5682 0.1050 0.9808 0.5874 0.6502 0.2817 0.3187 0.3333 0.7427 0.5709 0.7454 0.1847 0.3979 0.3993 0.2523 0.1373 0.2455 0.0944 0.5724 0.5664 0.2445 0.6984 0.9453 0.9229 0.5543 0.1860 0.2395 0.2948
50 50
20.6921
0.0724 0.1650 0.5561 0.5754 0.7430 0.6325 0.2001 0.9836 0.0303 0.9094 0.2747 0.8845 0.3532 0.0197 0.8008 0.4780 0.7856 0.3600 0.3370 0.2158 0.0695 0.9299 0.2082 0.1764 0.1225 0.8981 0.5107 0.0973 0.3541 0.1993 0.4072 0.6074 0.8086 0.6673 0.2843 0.9810 0.5145 0.7480 0.5317 0.0855 0.8937 0.5418 0.3830 0.9156 0.6669 0.5609 0.0433 0.0551 0.2027 0.6688
1 1
0.3333
0.5000
4 4
0.0001
0.0000 0.0000 0.0000 0.0000
50 50
17.7160
0.0893 0.0111 0.6481 0.1770 0.0223 0.3187 0.7760 0.3774 0.3870 0.9490 0.6169 0.8365 0.2531 0.4426 0.2817 0.0220 0.4503 0.4867 0.6875 0.3903 0.8212 0.5121 0.1680 0.9331 0.3702 0.0389 0.9904 0.5187 0.3864 0.9269 0.8005 0.8066 0.5764 0.4757 0.2699 0.0312 0.7423 0.9648 0.9854 0.7203 0.3839 0.0571 0.6361 0.8713 0.5838 0.3257 0.0741 0.9975 0.1343 0.3795
50 50
0.0000
0.0000 0.0000 0.0000 0.0000 0.0000 0.0000 0.0000 0.0000 0.0000 0.0000 0.0000 0.0000 0.0000 0.0000 0.0000 0.0000 0.0000 0.0000 0.0000 0.0000 0.0000 0.0000 0.0000 0.0000 0.0000 0.0000 0.0000 0.0000 0.0000 0.0000 0.0000 0.0000 0.0000 0.0000 0.0000 0.0000 0.0000 0.0000 0.0000 0.0000 0.0000 0.0000 0.0000 0.0000 0.0000 0.0000 0.0000 0.0000 0.0000 0.0000
50 50
0.0050
0.9999 0.9999 0.9999 0.9999 0.9999 0.9999 0.9999 0.9999 0.9999 0.9999 0.9999 0.9999 0.9999 0.9999 0.9999 0.9999 0.9999 0.9999 0.9999 0.9999 0.9999 0.9999 0.9999 0.9999 0.9999 0.9999 0.9999 0.9999 0.9999 0.9999 0.9999 0.9999 0.9999 0.9999 0.9999 0.9999 0.9999 0.9999 0.9999 0.9999 0.9999 0.9999 0.9999 0.9999 0.9999 0.9999 0.9999 0.9999 0.9999 0.9999
48 48
22.6825
0.5220 0.0510 0.4680 0.1343 0.9733 0.4415 0.4911 0.9564 0.8533 0.4712 0.1315 0.5875 0.3583 0.0225 0.1496 0.2758 0.6580 0.3899 0.2252 0.1056 0.7625 0.4644 0.2088 0.0292 0.4285 0.8855 0.9992 0.2000 0.6800 0.3347 0.7701 0.5981 0.0028 0.8677 0.0752 0.0563 0.5796 0.7777 0.0554 0.6425 0.8298 0.5100 0.6055 0.6131 0.8048 0.4498 0.3408 0.6433
47 47
19.2457
0.3814 0.7404 0.8256 0.6760 0.1706 0.5053 0.1217 0.0779 0.1225 0.1360 0.6004 0.7026 0.7893 0.4486 0.0713 0.9823 0.1503 0.4397 0.6478 0.9211 0.2134 0.8647 0.2859 0.6070 0.0108 0.5168 0.2447 0.3152 0.3375 0.2523 0.9662 0.1673 0.5966 0.2539 0.3566 0.0512 0.0728 0.9056 0.8757 0.8983 0.4112 0.0934 0.7579 0.8513 0.7153 0.4199 0.0405
50 50
0.0000
0.3333 0.3333 0.3333 0.3333 0.3333 0.3333 0.3333 0.3333 0.3333 0.3333 0.3333 0.3333 0.3333 0.3333 0.3333 0.3333 0.3333 0.3333 0.3333 0.3333 0.3333 0.3333 0.3333 0.3333 0.3333 0.3333 0.3333 0.3333 0.3333 0.3333 0.3333 0.3333 0.3333 0.3333 0.3333 0.3333 0.3333 0.3333 0.3333 0.3333 0.3333 0.3333 0.3333 0.3333 0.3333 0.3333 0.3333 0.3333 0.3333 0.3333
49 49
24.1805
0.4873 0.7967 0.5599 0.3613 0.0222 0.1590 0.1567 0.3917 0.0822 0.5619 0.0733 0.5982 0.3784 0.6058 0.6444 0.5885 0.8680 0.6606 0.1763 0.4058 0.0621 0.2063 0.3599 0.7809 0.3104 0.0844 0.5143 0.5520 0.8702 0.3216 0.6056 0.4754 0.5520 0.1968 0.7666 0.1840 0.8242 0.6880 0.4566 0.3136 0.9981 0.6384 0.0742 0.8798 0.7648 0.2712 0.3182 0.2760 0.5951
50 50
22.2838
0.5771 0.3992 0.6718 0.1356 0.1066 0.0410 0.9136 0.2961 0.5195 0.0526 0.6877 0.0624 0.0916 0.2222 0.4816 0.3050 0.4698 0.6135 0.8646 0.6825 0.6683 0.1347 0.5284 0.1795 0.3960 0.2580 0.7857 0.4315 0.9172 0.4081 0.0746 0.3257 0.4424 0.8475 0.4627 0.0763 0.1106 0.1450 0.6540 0.2419 0.0583 0.5422 0.7418 0.5541 0.6602 0.6521 0.1225 0.0585 0.9277 0.2302
47 47
21.6821
0.8971 0.9429 0.2655 0.1967 0.2282 0.8833 0.3245 0.1879 0.0390 0.0617 0.7532 0.9698 0.4007 0.4882 0.5654 0.2952 0.8927 0.7285 0.7592 0.7608 0.2998 0.8222 0.0846 0.5680 0.1638 0.5965 0.4090 0.8461 0.9207 0.4179 0.9065 0.9610 0.7844 0.1938 0.3588 0.3333 0.8674 0.1226 0.6778 0.1687 0.6908 0.6277 0.8203 0.6894 0.0572 0.0453 0.4373
46 46
20.6180
0.1861 0.2825 0.8081 0.6603 0.5344 0.2508 0.5649 0.0448 0.2341 0.8325 0.7854 0.6020 0.1226 0.1010 0.4101 0.1449 0.0150 0.5314 0.3294 0.3013 0.5923 0.2333 0.8846 0.0303 0.8891 0.0042 0.2980 0.7772 0.2658 0.4408 0.1183 0.2608 0.4344 0.5927 0.2663 0.5221 0.1425 0.5326 0.7461 0.8880 0.1844 0.0226 0.2980 0.2865 0.1767 0.2012
46 46
15.1526
0.5845 0.9754 0.2533 0.6974 0.3292 0.6138 0.9540 0.7721 0.9087 0.5867 0.7427 0.7383 0.8216 0.6458 0.3709 0.1944 0.1473 0.3067 0.9358 0.9422 0.3730 0.4291 0.3796 0.4470 0.1476 0.7939 0.4823 0.4692 0.5661 0.4336 0.7794 0.6574 0.0196 0.9557 0.1964 0.4673 0.5677 0.3873 0.6378 0.6281 0.8486 0.9462 0.5866 0.4384 0.0561 0.3638
2 2
0.0000
1.0000 1.0000
50 50
20.0197
0.8727 0.8985 0.3262 0.9011 0.3546 0.1461 0.2828 0.1214 0.9011 0.2891 0.8532 0.8007 0.8425 0.8127 0.6584 0.1550 0.4675 0.9250 0.1636 0.9270 0.2412 0.4090 0.4772 0.6011 0.3992 0.5520 0.9742 0.8153 0.1825 0.2819 0.0050 0.2650 0.9016 0.5486 0.8110 0.8060 0.5757 0.9763 0.9129 0.5154 0.3843 0.9340 0.8670 0.6879 0.1848 0.4547 0.4187 0.8729 0.9317 0.2971
49 49
18.9515
0.3524 0.4603 0.0573 0.1923 0.6769 0.5295 0.2888 0.1288 0.9464 0.6236 0.4176 0.6213 0.4337 0.9114 0.6774 0.6716 0.1581 0.6742 0.0961 0.3331 0.8601 0.8715 0.9203 0.7902 0.5862 0.4908 0.9006 0.8464 0.5023 0.6250 0.6689 0.5944 0.5176 0.7324 0.1970 0.0305 0.8998 0.1652 0.4541 0.5369 0.2606 0.4594 0.5122 0.3590 0.4334 0.3341 0.7494 0.8349 0.2174
50 50
16.8132
0.9587 0.0225 0.4592 0.3795 0.3172 0.8463 0.7956 0.8225 0.7632 0.5057 0.5842 0.5402 0.9810 0.8920 0.5967 0.7922 0.3293 0.2385 0.6875 0.2393 0.0188 0.2647 0.5203 0.6094 0.6826 0.1490 0.7688 0.1093 0.4585 0.0489 0.8027 0.4160 0.8444 0.0714 0.7714 0.1665 0.7001 0.4204 0.2439 0.8497 0.7441 0.3493 0.2205 0.6538 0.5112 0.1730 0.8942 0.3039 0.4653 0.9854
45 45
17.3701
0.6792 0.9475 0.6901 0.5449 0.0101 0.8907 0.1992 0.5874 0.9803 0.3180 0.8233 0.8015 0.8928 0.4752 0.7305 0.9784 0.2917 0.5633 0.5595 0.5030 0.8550 0.2534 0.9383 0.4923 0.6787 0.3830 0.6904 0.4437 0.0481 0.5719 0.5245 0.5095 0.2636 0.1562 0.4949 0.6250 0.4396 0.7019 0.8520 0.1609 0.0571 0.9310 0.2561 0.3045 0.2272
45 45
14.9140
0.6126 0.6036 0.4458 0.0427 0.9037 0.0858 0.2518 0.2777 0.7651 0.0455 0.8369 0.8221 0.0191 0.9793 0.6480 0.7712 0.3834 0.3876 0.8284 0.7409 0.0911 0.7821 0.2968 0.5149 0.5259 0.5958 0.6206 0.5127 0.3924 0.0894 0.7920 0.9372 0.9700 0.6780 0.5295 0.1687 0.4906 0.0508 0.1572 0.8576 0.1574 0.3687 0.8814 0.8864 0.1242
1 1
1.0000
0.0000
50 50
19.2170
0.6227 0.1638 0.3682 0.1307 0.4911 0.1011 0.0662 0.0847 0.0073 0.8260 0.3223 0.0824 0.9997 0.5854 0.4990 0.6535 0.6825 0.5977 0.8937 0.1210 0.9173 0.4406 0.5822 0.6418 0.9542 0.0935 0.9140 0.2574 0.7475 0.1488 0.1522 0.7001 0.9575 0.0627 0.6301 0.1473 0.7562 0.2370 0.3201 0.1205 0.4582 0.5987 0.4581 0.9488 0.6096 0.2840 0.4355 0.3914 0.9602 0.4339
50 50
1.0000
0.0000 0.0000 0.0000 0.0000 0.0000 0.0000 0.0000 0.0000 0.0000 0.0000 0.0000 0.0000 0.0000 0.0000 0.0000 0.0000 0.0000 0.0000 0.0000 0.0000 0.0000 0.0000 0.0000 0.0000 0.0000 0.0000 0.0000 0.0000 0.0000 0.0000 0.0000 0.0000 0.0000 0.0000 0.0000 0.0000 0.0000 0.0000 0.0000 0.0000 0.0000 0.0000 0.0000 0.0000 0.0000 0.0000 0.0000 0.0000 0.0000 0.0000
47 47
16.9906
0.4332 0.3372 0.9496 0.5957 0.7954 0.6092 0.9778 0.9040 0.3022 0.4935 0.0160 0.9986 0.6674 0.8440 0.3954 0.2003 0.1371 0.4410 0.1600 0.3302 0.8714 0.5306 0.2614 0.7800 0.9320 0.9200 0.8310 0.6693 0.4981 0.5509 0.0628 0.4502 0.9745 0.0600 0.2684 0.0985 0.6802 0.0441 0.6907 0.4381 0.7961 0.2219 0.5766 0.0309 0.6425 0.8545 0.7814
2 2
0.5000
0.5000 0.5000
48 48
15.9094
0.8884 0.9831 0.2310 0.7290 0.9084 0.9161 0.3346 0.5746 0.9060 0.0184 0.5644 0.2831 0.7267 1.0000 0.6824 0.4645 0.4091 0.0592 0.6616 0.3547 0.5035 0.8287 0.5883 0.8085 0.3914 0.2305 0.1348 0.9002 0.8988 0.7328 0.3610 0.3144 0.9245 0.5150 0.6957 0.6226 0.2976 0.5921 0.9875 0.9552 0.7567 0.5074 0.5374 0.6020 0.8552 0.8033 0.2680 0.4858
48 48
19.3269
0.3589 0.1384 0.0445 0.4531 0.9413 0.9878 0.9230 0.1071 0.6612 0.5439 0.3075 0.4471 0.6957 0.6905 0.1909 0.2870 0.9260 0.8631 0.7263 0.0248 0.8400 0.1223 0.0032 0.5692 0.9983 0.8745 0.6780 0.0762 0.8537 0.1852 0.5710 0.8235 0.5311 0.1823 0.2871 0.8606 0.1830 0.1876 0.2786 0.6789 0.5605 0.8864 0.8881 0.3969 0.1246 0.8192 0.7462 0.2439
47 47
18.3088
0.4094 0.3802 0.2767 0.6398 0.5290 0.6375 0.2973 0.7880 0.7635 0.7411 0.8623 0.7522 0.4920 0.6274 0.1261 0.3434 0.6261 0.1277 0.4927 0.7247 0.7823 0.7470 0.9273 0.0766 0.9285 0.9730 0.2025 0.7790 0.2198 0.9548 0.0925 0.6082 0.8499 0.1578 0.0953 0.3662 0.3664 0.2303 0.5373 0.8473 0.2418 0.1127 0.7517 0.2344 0.7210 0.6837 0.5380
46 46
16.0157
0.0666 0.1722 0.2496 0.4838 0.4195 0.1267 0.4446 0.5013 0.4804 0.9045 0.4363 0.4697 0.8361 0.7959 0.1689 0.1152 0.6579 0.1685 0.4147 0.7852 0.7614 0.6447 0.5103 0.1194 0.5180 0.3632 0.4979 0.6396 0.8955 0.8876 0.4756 0.3458 0.2780 0.6549 0.7491 0.1810 0.4278 0.7359 0.3652 0.5377 0.8607 0.8372 0.6380 0.5640 0.3083 0.2481
50 50
18.7300
0.3700 0.6777 0.2870 0.4682 0.6836 0.5786 0.9375 0.4567 0.2116 0.9426 0.3948 0.8419 0.3641 0.8837 0.0266 0.1767 0.5983 0.7559 0.9753 0.7083 0.5436 0.7776 0.5385 0.9020 0.1261 0.7928 0.4241 0.7491 0.2240 0.5717 0.9782 0.3730 0.8850 0.0524 0.3445 0.0866 0.6081 0.1416 0.7679 0.0515 0.5183 0.8537 0.9652 0.8485 0.5091 0.2192 0.5823 0.8281 0.7021 0.1260
49 49
18.3756
0.9339 0.7537 0.5866 0.9639 0.9501 0.9402 0.8452 0.3279 0.3979 0.1482 0.3302 0.6983 0.8093 0.7589 0.0528 0.1159 0.2737 0.1741 0.7343 0.0166 0.5988 0.8622 0.8724 0.8590 0.9796 0.7537 0.7324 0.5011 0.3099 0.9858 0.3066 0.8562 0.4622 0.8888 0.6419 0.4580 0.1404 0.0998 0.1040 0.7371 0.7475 0.2317 0.2138 0.7774 0.5528 0.1130 0.2586 0.0051 0.3858
47 47
19.4518
0.3998 0.9874 0.1433 0.1074 0.1350 0.4747 0.9722 0.3107 0.3038 0.0888 0.6758 0.4672 0.1023 0.5412 0.6649 0.3923 0.1551 0.7517 0.1572 0.7857 0.1873 0.3041 0.8787 0.3028 0.0859 0.0235 0.4411 0.5370 0.4729 0.4592 0.1893 0.1827 0.4640 0.0342 0.7822 0.4980 0.5742 0.2318 0.5932 0.1505 0.0756 0.1133 0.9327 0.1993 0.4058 0.0368 0.7066
48 48
17.4352
0.6004 0.8058 0.7511 0.6300 0.8706 0.6671 0.2380 0.8000 0.5835 0.4811 0.4655 0.8097 0.5185 0.8704 0.3884 0.5788 0.3702 0.0703 0.6214 0.8803 0.1247 0.7820 0.4692 0.8660 0.0356 0.0826 0.5702 0.0240 0.9618 0.2702 0.9523 0.7376 0.2483 0.4431 0.5374 0.3686 0.5101 0.8971 0.6540 0.2500 0.3088 0.8185 0.6598 0.4164 0.0978 0.3365 0.1522 0.9848
50 50
21.4652
0.6395 0.9311 0.0685 0.4740 0.6895 0.2262 0.8696 0.1941 0.6969 0.3953 0.9959 0.1864 0.1089 0.2382 0.4848 0.6503 0.1911 0.3500 0.4545 0.9947 0.4066 0.4553 0.3244 0.6188 0.1910 0.2803 0.9145 0.5393 0.4782 0.8205 0.0309 0.4028 0.7186 0.8102 0.3933 0.1524 0.3168 0.9440 0.2040 0.9838 0.1596 0.4251 0.2173 0.0499 0.1106 0.6981 0.1225 0.1684 0.9804 0.7367
45 45
23.0911
0.6937 0.6671 0.4596 0.7686 0.9294 0.2281 0.5021 0.4137 0.2485 0.2608 0.3217 0.6088 0.6484 0.7615 0.0064 0.8173 0.2793 0.0998 0.4405 0.4632 0.3721 0.0188 0.9940 0.4908 0.3291 0.6263 0.2544 0.6224 0.4056 0.1895 0.6338 0.2323 0.7012 0.1351 0.0884 0.7581 0.6999 0.2048 0.8957 0.3653 0.7788 0.1202 0.8407 0.6706 0.1283
47 47
2.2784
0.5519 0.1259 0.3364 0.3084 0.2346 0.6587 0.9460 0.1370 0.9963 0.7958 0.4354 0.3635 0.6506 0.6641 0.6852 0.8156 0.2816 0.7939 0.7511 0.8419 0.1028 0.8193 0.1005 0.8840 0.5550 0.1664 0.1902 0.6562 0.1427 0.9056 0.3553 0.9042 0.9770 0.9917 0.0708 0.1539 0.8489 0.4495 0.7586 0.8278 0.4923 0.6483 0.0239 0.1637 0.1277 0.1305 0.3204
47 47
16.2888
0.3676 0.9492 0.8683 0.3220 0.1437 0.6422 0.7508 0.5939 0.9421 0.9868 0.5298 0.8992 0.4421 0.1565 0.7987 0.9084 0.5772 0.0959 0.4488 0.0572 0.1776 0.4709 0.0604 0.2980 0.2615 0.4776 0.9708 0.2465 0.3516 0.5127 0.0653 0.2241 0.8315 0.7631 0.5113 0.0779 0.6072 0.2944 0.0088 0.6070 0.0442 0.7253 0.6789 0.9488 0.0079 0.0131 0.9705
46 46
19.2515
0.6418 0.9562 0.7721 0.0065 0.8505 0.4681 0.2495 0.4985 0.3874 0.6180 0.9162 0.5409 0.3335 0.0499 0.5950 0.6499 0.8194 0.1811 0.5369 0.7480 0.3760 0.7665 0.1204 0.8054 0.9442 0.3383 0.1817 0.7500 0.0927 0.5345 0.1261 0.3939 0.4367 0.3428 0.1378 0.0999 0.6650 0.3073 0.1334 0.8695 0.6610 0.9171 0.3651 0.7328 0.6819 0.2053
2 2
0.3333
0.5000 0.5000
50 50
18.4133
0.0511 0.8706 0.6722 0.4905 0.0744 0.0135 0.5145 0.4612 0.6402 0.7331 0.0396 0.1461 0.3684 0.2910 0.7165 0.3548 0.5170 0.0848 0.6661 0.9476 0.3082 0.5360 0.5124 0.3964 0.7145 0.0366 0.3579 0.5539 0.5635 0.2393 0.4343 0.4413 0.7140 0.3408 0.3424 0.0506 0.9072 0.9688 0.3427 0.9740 0.5700 0.0582 0.5674 0.9866 0.6950 0.6211 0.8474 0.0872 0.4154 0.6956
45 45
22.3386
0.6565 0.1790 0.7492 0.8262 0.0927 0.1038 0.0344 0.9850 0.3827 0.6114 0.3183 0.7822 0.9820 0.5132 0.2229 0.3590 0.0348 0.5474 0.1664 0.6795 0.2001 0.4974 0.1372 0.5187 0.2274 0.2655 0.3582 0.7498 0.3995 0.0193 0.5703 0.7476 0.4448 0.5647 0.9767 0.0376 0.7614 0.2323 0.3434 0.5336 0.0724 0.7054 0.2555 0.2557 0.9550
45 45
19.4107
0.7589 0.4864 0.2369 0.0999 0.1418 0.3697 0.5974 0.3016 0.1207 0.6286 0.6919 0.3035 0.3479 0.2848 0.8913 0.4955 0.8910 0.2181 0.6470 0.3206 0.8106 0.2586 0.2235 0.2649 0.5855 0.6895 0.1797 0.8066 0.6297 0.8883 0.5618 0.7035 0.6269 0.4592 0.4392 0.0145 0.4106 0.8871 0.0343 0.7415 0.0591 0.4664 0.6364 0.5814 0.5896
46 46
18.1415
0.9217 0.5813 0.1529 0.5643 0.3538 0.1127 0.7993 0.1823 0.2167 0.3280 0.1475 0.3478 0.8751 0.8577 0.7666 0.2330 0.2845 0.5214 0.7215 0.8324 0.6260 0.3389 0.3482 0.8025 0.8407 0.2007 0.4544 0.8954 0.4797 0.2418 0.7488 0.0695 0.3553 0.3974 0.3714 0.0432 0.6353 0.6648 0.5385 0.8660 0.4516 0.9000 0.5720 0.8786 0.5054 0.9798
47 47
21.3253
0.1609 0.8548 0.6524 0.0631 0.7090 0.4890 0.3704 0.5480 0.0232 0.1219 0.5228 0.1163 0.8538 0.6372 0.0941 0.4661 0.9834 0.2503 0.7086 0.3998 0.0704 0.1103 0.1224 0.6253 0.2322 0.9050 0.1219 0.5555 0.8419 0.6249 0.4763 0.4201 0.1623 0.8187 0.5785 0.8325 0.7691 0.3360 0.7906 0.1603 0.5951 0.9772 0.2393 0.7920 0.6339 0.4745 0.0880
50 50
0.6901
0.2108 0.2215 0.8871 0.0770 0.6986 0.0857 0.3724 0.9926 0.1090 0.3158 0.9438 0.2187 0.8091 0.0539 0.6598 0.3337 0.6915 0.7205 0.0507 0.3483 0.3303 0.1546 0.8265 0.3512 0.6759 0.7744 0.9641 0.2791 0.0932 0.5160 0.8733 0.7255 0.9318 0.1761 0.1224 0.7742 0.7417 0.5983 0.1842 0.0863 0.2443 0.2683 0.6196 0.5109 0.5154 0.2665 0.7951 0.8928 0.7287 0.8764
47 47
20.8726
0.1018 0.2223 0.6628 0.0952 0.0978 0.4150 0.0741 0.7409 0.6987 0.8496 0.8830 0.8856 0.0023 0.9062 0.2785 0.9606 0.3626 0.3005 0.3746 0.6003 0.5611 0.2038 0.8914 0.9356 0.5288 0.4724 0.6006 0.4292 0.2473 0.5747 0.9763 0.9900 0.5447 0.4016 0.1320 0.2433 0.1060 0.1066 0.0632 0.1878 0.0727 0.9882 0.6895 0.4833 0.4200 0.3643 0.0034
1 1
0.0000
1.0000
48 48
22.5918
0.0198 0.1568 0.6956 0.4008 0.2183 0.9942 0.0697 0.0614 0.7841 0.4574 0.6319 0.5748 0.4855 0.9128 0.3554 0.0456 0.0236 0.5350 0.3833 0.4376 0.5603 0.6417 0.6818 0.0020 0.8798 0.5448 0.2649 0.7641 0.6968 0.3499 0.1691 0.2263 0.6764 0.6109 0.6149 0.9601 0.9862 0.4832 0.6449 0.8307 0.0055 0.0063 0.0506 0.4489 0.0356 0.2735 0.0548 0.5748
46 46
21.7393
0.3973 0.4005 0.2905 0.4428 0.0500 0.1594 0.7754 0.4936 0.8546 0.2556 0.4851 0.2253 0.9000 0.3899 0.1692 0.8446 0.9362 0.8514 0.0929 0.7833 0.7254 0.4977 0.3499 0.7383 0.0340 0.4263 0.0399 0.0759 0.2724 0.1413 0.9273 0.5776 0.0623 0.7580 0.5664 0.7328 0.1646 0.1007 0.6622 0.3004 0.1001 0.4844 0.0734 0.6465 0.1977 0.1998
47 47
19.3486
0.6511 0.9866 0.4960 0.3786 0.9987 0.7109 0.5086 0.6924 0.1471 0.2985 0.6740 0.7947 0.3958 0.0707 0.1423 0.3843 0.9859 0.7844 0.4767 0.6338 0.4930 0.2171 0.2380 0.6068 0.4131 0.2318 0.1537 0.0176 0.4423 0.8716 0.0980 0.3075 0.7511 0.7717 0.3012 0.9739 0.7627 0.0697 0.5334 0.4482 0.7738 0.1080 0.2240 0.0480 0.5748 0.5393 0.0128
4 4
1.3999
0.8000 0.5000 0.7000 0.6000
49 49
2.2603
0.2869 0.3850 0.7001 0.4606 0.7213 0.1160 0.8354 0.4581 0.7809 0.4379 0.5154 0.7932 0.7961 0.6047 0.5509 0.2831 0.8691 0.3106 0.2368 0.4856 0.5352 0.4795 0.2017 0.4266 0.6125 0.7481 0.5165 0.0739 0.6873 0.2235 0.5095 0.7694 0.0706 0.1762 0.8561 0.1329 0.1679 0.8491 0.6857 0.3545 0.9229 0.5347 0.2062 0.5337 0.7064 0.0852 0.6942 0.7444 0.8378
50 50
0.0049
0.9999 0.9999 0.9999 0.9999 0.9999 0.9999 0.9999 0.9999 0.9999 0.9999 0.9999 0.9999 0.9999 0.9999 0.9999 0.9999 0.9999 0.9999 0.9999 0.9999 0.9999 0.9999 0.9999 0.9999 0.9999 0.9999 0.9999 0.9999 0.9999 0.9999 0.9999 0.9999 0.9999 0.9999 0.9999 0.9999 0.9999 0.9999 0.9999 0.9999 0.9999 0.9999 0.9999 0.9999 0.9999 0.9999 0.9999 0.9999 0.9999 0.9999
46 46
23.6796
0.8065 0.1233 0.0376 0.5110 0.4135 0.7021 0.9999 0.0843 0.6532 0.3073 0.9178 0.1526 0.8596 0.3877 0.3936 0.3109 0.5035 0.5728 0.4377 0.6568 0.0652 0.0268 0.9051 0.2107 0.5578 0.1497 0.6421 0.5410 0.5462 0.1957 0.4828 0.4819 0.9310 0.4193 0.9844 0.7026 0.9817 0.5086 0.1029 0.6269 0.4121 0.1126 0.5878 0.0581 0.3160 0.4906
50 50
22.7823
0.7772 0.7931 0.1131 0.7699 0.4824 0.7500 0.4294 0.4374 0.5376 0.0468 0.3662 0.2487 0.6473 0.2551 0.4331 0.5210 0.3669 0.0243 0.1311 0.2897 0.1649 0.7639 0.5088 0.5195 0.4658 0.8688 0.1882 0.0705 0.1643 0.5859 0.3512 0.0374 0.3204 0.0540 0.1565 0.8590 0.7082 0.9230 0.2940 0.6512 0.8007 0.4778 0.6123 0.9056 0.7346 0.7740 0.1787 0.7773 0.5126 0.8174
48 48
22.3266
0.0220 0.1733 0.2381 0.2814 0.1958 0.2440 0.3771 0.6156 0.5207 0.1231 0.5448 0.2381 0.7495 0.7653 0.0626 0.7214 0.2987 0.7009 0.9095 0.5699 0.2211 0.5901 0.8590 0.9599 0.0503 0.8807 0.7488 0.2254 0.5763 0.2796 0.3058 0.5920 0.3717 0.4537 0.1798 0.4667 0.9197 0.1517 0.3745 0.9612 0.8719 0.5430 0.5181 0.5334 0.1059 0.9616 0.4697 0.1096
45 45
16.2359
0.5372 0.1971 0.2950 0.9772 0.6462 0.3677 0.3454 0.1936 0.6512 0.1000 0.5188 0.6091 0.9293 0.1878 0.4068 0.2402 0.5241 0.5344 0.8177 0.3926 0.2726 0.4594 0.5629 0.4635 0.6728 0.2030 0.2845 0.9593 0.6881 0.4253 0.7166 0.6614 0.3161 0.0192 0.8883 0.7377 0.8328 0.5868 0.1873 0.6442 0.3255 0.0522 0.6168 0.6528 0.9081
45 45
3.5904
0.6697 0.4465 0.3252 0.7398 0.4581 0.3028 0.9111 0.7976 0.4820 0.3324 0.4972 0.1036 0.8945 0.4031 0.8268 0.1018 0.4568 0.1824 0.7248 0.2414 0.5221 0.3085 0.8075 0.4654 0.5679 0.7122 0.1720 0.4520 0.6942 0.8465 0.3448 0.2361 0.4244 0.9563 0.1847 0.3880 0.2692 0.1272 0.5127 0.3655 0.5776 0.7715 0.3308 0.3892 0.3233
48 48
16.5970
0.5356 0.8164 0.9217 0.7980 0.3627 0.1288 0.0301 0.8424 0.5280 0.3718 0.3322 0.9802 0.9227 0.8550 0.6242 0.9891 0.7603 0.4144 0.7130 0.8010 0.4049 0.4301 0.4700 0.1905 0.0505 0.7068 0.4737 0.9527 0.0329 0.6793 0.1110 0.0860 0.8119 0.7950 0.5582 0.8661 0.8947 0.8173 0.2057 0.8245 0.9100 0.3144 0.6527 0.0936 0.8668 0.3019 0.5010 0.8381
50 50
0.0000
0.8700 0.8700 0.8700 0.8700 0.8700 0.8700 0.8700 0.8700 0.8700 0.8700 0.8700 0.8700 0.8700 0.8700 0.8700 0.8700 0.8700 0.8700 0.8700 0.8700 0.8700 0.8700 0.8700 0.8700 0.8700 0.8700 0.8700 0.8700 0.8700 0.8700 0.8700 0.8700 0.8700 0.8700 0.8700 0.8700 0.8700 0.8700 0.8700 0.8700 0.8700 0.8700 0.8700 0.8700 0.8700 0.8700 0.8700 0.8700 0.8700 0.8700
45 45
13.8506
0.6368 0.3517 0.9685 0.7975 0.2066 0.0038 0.2369 0.9830 0.6414 0.5674 0.5875 0.1723 0.5099 0.5636 0.7836 0.1366 0.5787 0.6760 0.5698 0.8092 0.1679 0.6113 0.8700 0.9400 0.3774 0.9202 0.7185 0.5503 0.6685 0.7374 0.2013 0.7213 0.5646 0.0296 0.4721 0.7882 0.4839 0.9734 0.2674 0.2970 0.9696 0.2338 0.6401 0.8651 0.3107
50 50
20.4659
0.2545 0.3676 0.1267 0.5914 0.8016 0.6261 0.4918 0.8493 0.4718 0.7628 0.0426 0.4352 0.7763 0.7301 0.1713 0.3927 0.2329 0.6677 0.5726 0.1096 0.7031 0.3433 0.2439 0.5745 0.8523 0.7967 0.5259 0.7711 0.0895 0.8564 0.9369 0.9460 0.9182 0.4574 0.4284 0.0237 0.0648 0.0187 0.4323 0.5410 0.1274 0.8854 0.0188 0.6364 0.4597 0.6926 0.5347 0.4423 0.0249 0.4811
47 47
16.6532
0.8163 0.4144 0.5196 0.8118 0.3264 0.1462 0.7318 0.4100 0.5087 0.3054 0.0804 0.4673 0.8366 0.4328 0.8147 0.6679 0.9353 0.2721 0.5285 0.8323 0.6821 0.9728 0.0389 0.4713 0.1974 0.5978 0.5869 0.9959 0.6347 0.1173 0.5484 0.3312 0.6410 0.4870 0.9759 0.5897 0.7337 0.2201 0.3608 0.1407 0.4175 0.6792 0.3790 0.8405 0.5999 0.7386 0.2266
48 48
19.5888
0.5698 0.9504 0.8095 0.0447 0.0861 0.1404 0.4989 0.0533 0.4445 0.5564 0.4692 0.3288 0.8094 0.9668 0.7869 0.9423 0.2278 0.4727 0.5929 0.7726 0.0484 0.6928 0.2811 0.9982 0.7931 0.5761 0.6633 0.2124 0.8615 0.2652 0.1379 0.4038 0.4952 0.0635 0.5283 0.8462 0.3066 0.8443 0.9552 0.5816 0.7288 0.5986 0.2370 0.3781 0.9023 0.8676 0.1503 0.1410
2 2
0.3333
0.0000 0.0000
50 50
50.0000
0.0000 0.0000 0.0000 0.0000 0.0000 0.0000 0.0000 0.0000 0.0000 0.0000 0.0000 0.0000 0.0000 0.0000 0.0000 0.0000 0.0000 0.0000 0.0000 0.0000 0.0000 0.0000 0.0000 0.0000 0.0000 0.0000 0.0000 0.0000 0.0000 0.0000 0.0000 0.0000 0.0000 0.0000 0.0000 0.0000 0.0000 0.0000 0.0000 0.0000 0.0000 0.0000 0.0000 0.0000 0.0000 0.0000 0.0000 0.0000 0.0000 0.0000
49 49
19.4620
0.5884 0.0425 0.9596 0.1224 0.5379 0.0352 0.0700 0.8534 0.1692 0.3238 0.5307 0.6425 0.4409 0.3280 0.4969 0.1965 0.0539 0.8388 0.8331 0.7966 0.2069 0.5254 0.8776 0.6781 0.1684 0.0366 0.1657 0.2038 0.8371 0.6614 0.9315 0.1463 0.7158 0.6678 0.4333 0.5829 0.6160 0.9196 0.9101 0.4432 0.4362 0.0719 0.6938 0.6858 0.3132 0.6161 0.8640 0.2449 0.2320
50 50
23.7357
0.4453 0.0224 0.6107 0.3186 0.5814 0.9610 0.1850 0.1318 0.7464 0.6133 0.7929 0.0546 0.7029 0.3195 0.4380 0.1090 0.0457 0.2111 0.1531 0.8537 0.2946 0.5928 0.9918 0.9997 0.6716 0.7699 0.3077 0.4816 0.6193 0.9347 0.8990 0.3993 0.4287 0.5268 0.3136 0.2160 0.5192 0.6992 0.6079 0.9455 0.0238 0.6011 0.0308 0.7575 0.4538 0.7994 0.3159 0.6001 0.8970 0.3121
50 50
19.7273
0.0212 0.0944 0.8973 0.1574 0.1506 0.6703 0.7987 0.1320 0.8071 0.3844 0.1235 0.9724 0.3257 0.7778 0.7588 0.9844 0.3919 0.6067 0.2407 0.3446 0.9451 0.1447 0.6271 0.1972 0.9868 0.5834 0.7191 0.3330 0.3061 0.5654 0.1115 0.8297 0.5620 0.2479 0.8716 0.8212 0.0960 0.8911 0.7560 0.1509 0.4505 0.6149 0.1453 0.3952 0.9560 0.2504 0.7190 0.0575 0.1906 0.4936
49 49
17.8790
0.9726 0.4652 0.5385 0.6219 0.1135 0.1448 0.3517 0.4259 0.1819 0.3600 0.5856 0.0453 0.5790 0.8874 0.1286 0.0010 0.4745 0.4602 0.8403 0.7386 0.9367 0.7649 0.2784 0.5853 0.1691 0.5855 0.6827 0.3945 0.8424 0.7631 0.1531 0.5882 0.4393 0.8483 0.0128 0.3087 0.5409 0.3489 0.6136 0.9097 0.7382 0.8471 0.8621 0.1520 0.2579 0.4751 0.5196 0.1473 0.5686
49 49
21.8432
0.1823 0.5638 0.0766 0.7506 0.9883 0.4530 0.2218 0.2708 0.9980 0.6348 0.3115 0.8442 0.3510 0.1280 0.5627 0.1878 0.2517 0.8895 0.4264 0.8335 0.0283 0.4276 0.9230 0.4727 0.7225 0.3267 0.5119 0.1597 0.8771 0.3858 0.1476 0.2648 0.4331 0.3475 0.3367 0.2997 0.4858 0.6378 0.2736 0.2184 0.0364 0.7653 0.4493 0.5113 0.7483 0.0212 0.2560 0.6595 0.6661
50 50
1.0000
0.3333 0.3333 0.3333 0.3333 0.3333 0.3333 0.3333 0.3333 0.3333 0.3333 0.3333 0.3333 0.3333 0.3333 0.3333 0.3333 0.3333 0.3333 0.3333 0.3333 0.3333 0.3333 0.3333 0.3333 0.3333 0.3333 0.3333 0.3333 0.3333 0.3333 0.3333 0.3333 0.3333 0.3333 0.3333 0.3333 0.3333 0.3333 0.3333 0.3333 0.3333 0.3333 0.3333 0.3333 0.3333 0.3333 0.3333 0.3333 0.3333 0.3333
1 1
0.5000
0.5000
48 48
16.4240
0.6758 0.0471 0.9474 0.7909 0.7907 0.5078 0.4054 0.0835 0.2731 0.9255 0.3924 0.8308 0.9843 0.6411 0.3599 0.0346 0.0671 0.5149 0.7130 0.4532 0.7287 0.7724 0.8555 0.0037 0.4776 0.5569 0.1038 0.9443 0.5914 0.7686 0.8414 0.8629 0.3788 0.8440 0.9181 0.8632 0.0474 0.0872 0.6312 0.2153 0.7504 0.9399 0.0267 0.2167 0.4119 0.1181 0.8391 0.7594
