100
4 2
5 2
6 2
1000 1000
1000 1
999 256
500 250
397 373
1000 498
500 500
976 820
999 487
942 840
886 717
999 998
1000 500
500 127
500 245
1000 506
500 244
500 248
612 473
994 856
798 628
560 467
1000 489
680 666
500 256
880 699
344 290
656 531
500 2
1000 127
500 253
638 495
500 255
999 512
904 780
500 116
999 127
3 1
294 238
1000 128
999 255
368 287
473 367
1000 999
414 379
903 765
999 511
999 509
5 1
669 565
488 416
2 1
645 597
999 2
431 403
573 533
500 117
694 620
273 253
831 821
500 249
1 1
500 499
412 387
1000 512
1000 511
2 2
999 497
999 498
500 194
999 1
631 580
999 128
999 999
401 356
3 2
450 394
999 351
500 128
1000 499
1000 323
739 570
504 464
278 252
299 244
4 1
500 92
999 499
492 372
1000 256
999 488
1000 255
1000 488
500 1
977 954
520 428
1000 2
