100
4 2
5 2
6 2
1000 1000
1000 1
828 648
999 497
4 1
781 601
999 1
500 500
999 255
758 753
716 626
999 263
772 670
1000 487
751 645
895 820
999 999
299 250
981 951
2 2
285 230
500 245
1000 512
500 128
1000 499
500 499
915 746
500 2
500 127
777 655
1000 511
500 84
3 1
826 817
312 244
500 256
500 249
1000 256
1000 128
500 117
694 520
500 244
661 650
904 709
446 430
1000 2
1000 500
481 477
318 304
500 250
550 519
372 355
1000 255
999 511
1000 498
1 1
500 248
1000 999
5 1
999 487
500 252
409 374
999 128
3 2
999 512
500 116
999 127
999 488
500 135
306 276
400 309
695 543
999 998
337 330
999 499
1000 502
523 511
638 577
874 680
2 1
500 1
1000 488
1000 127
846 829
500 255
665 556
999 2
299 255
999 498
644 566
333 323
999 490
1000 489
357 281
999 256
359 348
441 339
