99
2525 1
2400 5
300 2
120 60
60 90
368188090 1
20567196 3113
106469641 1
58823919 8757
864722013 1
740640755 1960
720776027 1
171410441 4261
9376816 1
2848921 2376
36691042 1
34792190 8520
494265545 1
408093389 1619
1000000000 2
999000000 1
998000000 1
134916396 1
58507665 5292
278653483 1
16827313 9077
628153269 1
222553731 3279
883205520 1
160632041 3955
67379002 1
28394131 8057
1000000000 1
1 10000
579300832 1
482346521 9700
914876543 1
296324854 4369
954292501 1
732235205 1524
298497645 1
165560174 6433
363024919 1
317650946 9618
1000000000 2
999999997 2
999999996 3
609108481 1
312317315 1959
210737083 1
195968544 5832
1000000000 1
999999999 10000
466001081 1
294571878 5687
232278383 1
113522486 3941
444843733 1
386211592 8787
452735509 1
149854497 7118
45428371 1
42526053 5426
200000 2
5001 1
5000 5
34935236 1
34448984 6692
52149335 1
24807803 6955
335650424 1
3888874 8429
598428173 1
126828277 2699
1000000000 2
2 2
1 3
462637130 1
332906488 805
425534857 1
211007513 8998
156342176 1
46116259 630
908891532 1
29700350 2344
950778732 1
473820292 3447
737069352 1
595545073 711
640615793 1
620448159 1076
456015713 1
144759172 4233
487151157 1
276877735 6463
891235755 1
429039494 851
383592026 1
365364102 4307
501980098 1
197997514 3142
466977926 2
448415488 8072
340045595 938
665268463 1
486650855 8599
753725741 1
301001163 8098
770329688 1
659328047 2383
21464016 1
15909107 1005
363802221 1
110738153 1333
243819323 1
15712822 3297
98497420 1
56880913 9891
944945412 1
126573644 2999
2 1
1 10000
549080487 1
444997636 5611
574171015 2
67045671 7716
313432822 995
649407338 1
179184893 3538
231815947 1
138984188 6839
841401082 1
210109906 6274
1000000000 2
999999998 3
999999999 2
653325012 1
104215741 9012
773853503 1
482545493 2969
949973654 1
96149450 9268
2 1
1 1
1000000000 1
1 1
832833724 1
661570580 31
69883215 1
6524457 7835
645636724 1
610370846 5590
973527298 1
826851185 234
1000000000 2
999999998 2
999999997 3
399389800 1
139014275 7802
111306420 1
29459941 4612
878195893 1
810849428 6543
127470028 1
46995688 3467
633668002 1
191412589 5686
375047536 1
79262655 8271
758738827 1
321566135 5142
58720543 1
45779291 808
258122918 1
3221076 4922
388479535 1
129670969 6153
1000000000 2
100 10000
200 10000
632873545 1
131108299 8820
239952290 1
49716883 7316
47538010 1
6000895 134
1000000000 1
999999999 1
666933907 1
580389464 1387
1000000000 2
12345675 3
12345676 2
945111562 1
717947777 7540
943129550 1
754046687 3090
469059944 1
76032644 3611
487871138 1
20584741 5072
480415880 1
444112467 4855
737633928 1
506175107 1706
1000000000 2
998000000 10000
999000000 10000
105630217 1
29061728 8967
