99
6 2 0 2 0 2 0
3 1 0 2 0 0 0
6 3 0 0 0 3 0
342 107 0 74 0 161 0
262 128 0 12 0 122 0
1000 499 0 1 0 500 0
7 2 0 3 0 2 0
212 43 0 70 0 99 0
3 0 0 2 0 1 0
972 263 0 241 0 468 0
51 13 0 13 0 25 0
727 300 0 354 0 73 0
912 188 0 357 0 367 0
795 269 0 246 0 280 0
268 63 0 100 0 105 0
1000 499 0 501 0 0 0
697 325 0 278 0 94 0
165 66 0 18 0 81 0
167 42 0 82 0 43 0
569 226 0 284 0 59 0
118 11 0 41 0 66 0
6 3 0 1 0 2 0
9 3 0 2 0 4 0
999 500 0 499 0 0 0
999 250 0 250 0 499 0
946 389 0 238 0 319 0
1000 500 0 0 0 500 0
166 53 0 61 0 52 0
197 64 0 85 0 48 0
70 19 0 29 0 22 0
775 304 0 174 0 297 0
151 70 0 12 0 69 0
468 88 0 204 0 176 0
758 174 0 278 0 306 0
335 92 0 157 0 86 0
999 333 0 333 0 333 0
252 87 0 108 0 57 0
3 0 0 0 0 3 0
254 111 0 69 0 74 0
119 37 0 29 0 53 0
5 1 0 1 0 3 0
962 473 0 325 0 164 0
3 1 0 1 0 1 0
4 1 0 3 0 0 0
122 48 0 52 0 22 0
930 300 0 168 0 462 0
418 153 0 196 0 69 0
688 263 0 224 0 201 0
213 104 0 83 0 26 0
389 44 0 241 0 104 0
34 1 0 20 0 13 0
5 0 0 2 0 3 0
952 448 0 60 0 444 0
1000 333 0 333 0 334 0
142 54 0 11 0 77 0
1000 250 0 250 0 500 0
33 16 0 3 0 14 0
674 139 0 320 0 215 0
235 96 0 39 0 100 0
224 189 0 15 0 20 0
698 198 0 170 0 330 0
682 57 0 252 0 373 0
466 204 0 198 0 64 0
440 16 0 95 0 329 0
512 281 0 33 0 198 0
794 294 0 311 0 189 0
244 26 0 121 0 97 0
874 141 0 360 0 373 0
258 85 0 111 0 62 0
5 1 0 2 0 2 0
4 2 0 1 0 1 0
962 467 0 143 0 352 0
417 196 0 82 0 139 0
740 180 0 216 0 344 0
607 447 0 48 0 112 0
53 25 0 13 0 15 0
4 1 0 1 0 2 0
383 134 0 149 0 100 0
4 2 0 2 0 0 0
104 17 0 40 0 47 0
665 307 0 157 0 201 0
999 499 0 1 0 499 0
999 250 0 249 0 500 0
778 373 0 173 0 232 0
738 144 0 346 0 248 0
434 115 0 162 0 157 0
962 377 0 419 0 166 0
4 1 0 2 0 1 0
475 227 0 97 0 151 0
917 355 0 347 0 215 0
885 229 0 361 0 295 0
546 204 0 158 0 184 0
128 43 0 44 0 41 0
437 22 0 17 0 398 0
860 80 0 401 0 379 0
261 76 0 63 0 122 0
99 48 0 5 0 46 0
597 130 0 193 0 274 0
76 26 0 15 0 35 0
