99
6 2 0 2 0 2 0
3 1 0 2 0 0 0
536 96 0 242 0 198 0
614 166 0 303 0 145 0
91 16 0 35 0 40 0
999 250 0 500 0 249 0
290 111 0 116 0 63 0
559 277 0 16 0 266 0
619 134 0 283 0 202 0
1000 0 0 501 0 499 0
999 500 0 0 0 499 0
794 167 0 369 0 258 0
309 83 0 129 0 97 0
442 79 0 146 0 217 0
1000 500 0 0 0 500 0
287 45 0 103 0 139 0
6 3 0 3 0 0 0
788 187 0 243 0 358 0
3 3 0 0 0 0 0
5 3 0 1 0 1 0
999 333 0 333 0 333 0
679 324 0 247 0 108 0
90 34 0 42 0 14 0
5 1 0 2 0 2 0
315 92 0 134 0 89 0
4 0 0 2 0 2 0
999 250 0 250 0 499 0
3 0 0 2 0 1 0
1000 250 0 500 0 250 0
518 85 0 247 0 186 0
771 169 0 266 0 336 0
393 93 0 170 0 130 0
41 0 0 39 0 2 0
118 17 0 14 0 87 0
250 61 0 74 0 115 0
1000 499 0 1 0 500 0
990 17 0 645 0 328 0
866 301 0 326 0 239 0
727 260 0 206 0 261 0
225 103 0 67 0 55 0
4 1 0 1 0 2 0
676 198 0 163 0 315 0
443 129 0 129 0 185 0
999 1 0 499 0 499 0
516 382 0 93 0 41 0
627 125 0 266 0 236 0
415 100 0 157 0 158 0
883 282 0 186 0 415 0
509 63 0 199 0 247 0
789 169 0 227 0 393 0
318 103 0 195 0 20 0
4 1 0 2 0 1 0
52 7 0 20 0 25 0
857 342 0 260 0 255 0
881 76 0 383 0 422 0
495 127 0 317 0 51 0
518 196 0 163 0 159 0
261 93 0 103 0 65 0
547 187 0 262 0 98 0
76 17 0 36 0 23 0
248 90 0 101 0 57 0
938 423 0 228 0 287 0
589 146 0 200 0 243 0
375 141 0 129 0 105 0
932 463 0 293 0 176 0
167 35 0 74 0 58 0
572 119 0 171 0 282 0
519 61 0 232 0 226 0
183 53 0 42 0 88 0
238 112 0 33 0 93 0
3 1 0 1 0 1 0
6 2 0 3 0 1 0
371 138 0 107 0 126 0
408 245 0 76 0 87 0
1000 333 0 333 0 334 0
4 3 0 0 0 1 0
152 36 0 85 0 31 0
537 261 0 186 0 90 0
599 182 0 241 0 176 0
491 224 0 222 0 45 0
608 304 0 9 0 295 0
180 90 0 7 0 83 0
231 107 0 36 0 88 0
866 321 0 129 0 416 0
568 206 0 90 0 272 0
811 282 0 268 0 261 0
784 328 0 76 0 380 0
4 2 0 1 0 1 0
357 110 0 162 0 85 0
119 57 0 30 0 32 0
4 2 0 0 0 2 0
371 131 0 141 0 99 0
172 67 0 38 0 67 0
268 87 0 102 0 79 0
5 2 0 3 0 0 0
892 293 0 45 0 554 0
849 134 0 367 0 348 0
374 20 0 43 0 311 0
7 2 0 3 0 2 0
