99
6 2 0 2 0 2 0
3 1 0 2 0 0 0
857 408 0 263 0 186 0
266 96 0 61 0 109 0
28 12 0 4 0 12 0
916 421 0 200 0 295 0
27 8 0 9 0 10 0
980 227 0 460 0 293 0
282 81 0 127 0 74 0
999 250 0 249 0 500 0
276 0 0 275 0 1 0
593 285 0 246 0 62 0
506 188 0 207 0 111 0
12 3 0 3 0 6 0
115 43 0 25 0 47 0
4 1 0 2 0 1 0
29 12 0 14 0 3 0
799 406 0 166 0 227 0
838 307 0 249 0 282 0
1000 250 0 500 0 250 0
792 382 0 270 0 140 0
73 34 0 28 0 11 0
1000 499 0 1 0 500 0
5 1 0 3 0 1 0
845 238 0 330 0 277 0
408 183 0 58 0 167 0
3 0 0 3 0 0 0
4 2 0 2 0 0 0
852 276 0 332 0 244 0
150 57 0 43 0 50 0
480 236 0 101 0 143 0
547 248 0 226 0 73 0
3 0 0 2 0 1 0
118 26 0 57 0 35 0
5 2 0 3 0 0 0
61 27 0 8 0 26 0
3 1 0 1 0 1 0
374 173 0 157 0 44 0
235 4 0 207 0 24 0
177 69 0 52 0 56 0
4 2 0 1 0 1 0
751 48 0 362 0 341 0
845 266 0 160 0 419 0
945 326 0 356 0 263 0
228 72 0 121 0 35 0
824 356 0 133 0 335 0
710 355 0 211 0 144 0
6 3 0 0 0 3 0
1000 334 0 333 0 333 0
1000 499 0 0 0 501 0
853 314 0 179 0 360 0
946 246 0 376 0 324 0
638 261 0 157 0 220 0
850 41 0 421 0 388 0
999 333 0 333 0 333 0
917 210 0 433 0 274 0
82 14 0 41 0 27 0
145 32 0 55 0 58 0
999 250 0 250 0 499 0
445 45 0 194 0 206 0
996 417 0 315 0 264 0
261 111 0 94 0 56 0
318 121 0 46 0 151 0
999 0 0 500 0 499 0
934 417 0 318 0 199 0
4 3 0 1 0 0 0
569 270 0 22 0 277 0
834 246 0 366 0 222 0
4 0 0 2 0 2 0
499 97 0 314 0 88 0
970 805 0 60 0 105 0
487 186 0 118 0 183 0
635 290 0 142 0 203 0
683 373 0 67 0 243 0
999 499 0 499 0 1 0
422 181 0 125 0 116 0
768 236 0 262 0 270 0
129 55 0 42 0 32 0
122 32 0 56 0 34 0
844 397 0 217 0 230 0
4 1 0 1 0 2 0
106 52 0 38 0 16 0
6 1 0 2 0 3 0
5 2 0 2 0 1 0
411 190 0 121 0 100 0
894 84 0 802 0 8 0
662 66 0 267 0 329 0
541 15 0 130 0 396 0
125 60 0 42 0 23 0
7 2 0 2 0 3 0
957 411 0 161 0 385 0
987 66 0 430 0 491 0
656 248 0 179 0 229 0
803 171 0 304 0 328 0
246 60 0 96 0 90 0
681 339 0 77 0 265 0
1000 0 0 500 0 500 0
822 280 0 280 0 262 0
781 2 0 25 0 754 0
